Date	species	dorm_t	seed_dorm_time	germ_index	shoot_dm	seedl_dm	estab_dm	senc_dm	dead_dm	litter_dm	green_dm	dry_dm	leaf_dm	stem_dm	avail_dm	root_dm	seed_dm	rlv[1]	rlv[2]	rlv[3]	rlv[4]	rlv[5]	rlv[6]
		oC	d	d	kg/ha	kg/ha	kg/ha	kg/ha	kg/ha	kg/ha	kg/ha	kg/ha	kg/ha	kg/ha	kg/ha	kg/ha	kg/ha	mm/mm^3	mm/mm^3	mm/mm^3	mm/mm^3	mm/mm^3	mm/mm^3
1990-08-01	Perennial Ryegrass	7.6	-1	0	0.0	0.0	0.0	0.0	0.00	0.00	0.00	0	0.00	0.00	0.00	0.00	0.0	0.000	0.000	0.000	0.000	0.000	0.000
1990-08-02	Perennial Ryegrass	7.6	-1	0	0.0	0.0	0.0	0.0	0.00	0.00	0.00	0	0.00	0.00	0.00	0.00	0.0	0.000	0.000	0.000	0.000	0.000	0.000
1990-08-03	Perennial Ryegrass	7.6	-1	0	0.0	0.0	0.0	0.0	0.00	0.00	0.00	0	0.00	0.00	0.00	0.00	0.0	0.000	0.000	0.000	0.000	0.000	0.000
1990-08-04	Perennial Ryegrass	7.6	-1	0	0.0	0.0	0.0	0.0	0.00	0.00	0.00	0	0.00	0.00	0.00	0.00	0.0	0.000	0.000	0.000	0.000	0.000	0.000
1990-08-05	Perennial Ryegrass	7.6	-1	0	0.0	0.0	0.0	0.0	0.00	0.00	0.00	0	0.00	0.00	0.00	0.00	0.0	0.000	0.000	0.000	0.000	0.000	0.000
1990-08-06	Perennial Ryegrass	7.6	-1	0	0.0	0.0	0.0	0.0	0.00	0.00	0.00	0	0.00	0.00	0.00	0.00	0.0	0.000	0.000	0.000	0.000	0.000	0.000
1990-08-07	Perennial Ryegrass	7.6	-1	0	0.0	0.0	0.0	0.0	0.00	0.00	0.00	0	0.00	0.00	0.00	0.00	0.0	0.000	0.000	0.000	0.000	0.000	0.000
1990-08-08	Perennial Ryegrass	7.6	-1	0	0.0	0.0	0.0	0.0	0.00	0.00	0.00	0	0.00	0.00	0.00	0.00	0.0	0.000	0.000	0.000	0.000	0.000	0.000
1990-08-09	Perennial Ryegrass	7.6	-1	0	0.0	0.0	0.0	0.0	0.00	0.00	0.00	0	0.00	0.00	0.00	0.00	0.0	0.000	0.000	0.000	0.000	0.000	0.000
1990-08-10	Perennial Ryegrass	7.6	-1	0	0.0	0.0	0.0	0.0	0.00	0.00	0.00	0	0.00	0.00	0.00	0.00	0.0	0.000	0.000	0.000	0.000	0.000	0.000
1990-08-11	Perennial Ryegrass	7.6	-1	0	0.0	0.0	0.0	0.0	0.00	0.00	0.00	0	0.00	0.00	0.00	0.00	0.0	0.000	0.000	0.000	0.000	0.000	0.000
1990-08-12	Perennial Ryegrass	7.6	-1	0	0.0	0.0	0.0	0.0	0.00	0.00	0.00	0	0.00	0.00	0.00	0.00	0.0	0.000	0.000	0.000	0.000	0.000	0.000
1990-08-13	Perennial Ryegrass	7.6	-1	0	0.0	0.0	0.0	0.0	0.00	0.00	0.00	0	0.00	0.00	0.00	0.00	0.0	0.000	0.000	0.000	0.000	0.000	0.000
1990-08-14	Perennial Ryegrass	7.6	-1	0	0.0	0.0	0.0	0.0	0.00	0.00	0.00	0	0.00	0.00	0.00	0.00	0.0	0.000	0.000	0.000	0.000	0.000	0.000
1990-08-15	Perennial Ryegrass	7.6	-1	0	0.0	0.0	0.0	0.0	0.00	0.00	0.00	0	0.00	0.00	0.00	0.00	0.0	0.000	0.000	0.000	0.000	0.000	0.000
1990-08-16	Perennial Ryegrass	7.6	-1	0	0.0	0.0	0.0	0.0	0.00	0.00	0.00	0	0.00	0.00	0.00	0.00	0.0	0.000	0.000	0.000	0.000	0.000	0.000
1990-08-17	Perennial Ryegrass	7.6	-1	0	0.0	0.0	0.0	0.0	0.00	0.00	0.00	0	0.00	0.00	0.00	0.00	0.0	0.000	0.000	0.000	0.000	0.000	0.000
1990-08-18	Perennial Ryegrass	7.6	-1	0	0.0	0.0	0.0	0.0	0.00	0.00	0.00	0	0.00	0.00	0.00	0.00	0.0	0.000	0.000	0.000	0.000	0.000	0.000
1990-08-19	Perennial Ryegrass	7.6	-1	0	0.0	0.0	0.0	0.0	0.00	0.00	0.00	0	0.00	0.00	0.00	0.00	0.0	0.000	0.000	0.000	0.000	0.000	0.000
1990-08-20	Perennial Ryegrass	7.6	-1	0	0.0	0.0	0.0	0.0	0.00	0.00	0.00	0	0.00	0.00	0.00	0.00	0.0	0.000	0.000	0.000	0.000	0.000	0.000
1990-08-21	Perennial Ryegrass	7.6	-1	0	0.0	0.0	0.0	0.0	0.00	0.00	0.00	0	0.00	0.00	0.00	0.00	0.0	0.000	0.000	0.000	0.000	0.000	0.000
1990-08-22	Perennial Ryegrass	7.6	-1	0	0.0	0.0	0.0	0.0	0.00	0.00	0.00	0	0.00	0.00	0.00	0.00	0.0	0.000	0.000	0.000	0.000	0.000	0.000
1990-08-23	Perennial Ryegrass	7.6	-1	0	0.0	0.0	0.0	0.0	0.00	0.00	0.00	0	0.00	0.00	0.00	0.00	0.0	0.000	0.000	0.000	0.000	0.000	0.000
1990-08-24	Perennial Ryegrass	7.6	-1	0	0.0	0.0	0.0	0.0	0.00	0.00	0.00	0	0.00	0.00	0.00	0.00	0.0	0.000	0.000	0.000	0.000	0.000	0.000
1990-08-25	Perennial Ryegrass	7.6	-1	0	0.0	0.0	0.0	0.0	0.00	0.00	0.00	0	0.00	0.00	0.00	0.00	0.0	0.000	0.000	0.000	0.000	0.000	0.000
1990-08-26	Perennial Ryegrass	7.6	-1	0	0.0	0.0	0.0	0.0	0.00	0.00	0.00	0	0.00	0.00	0.00	0.00	0.0	0.000	0.000	0.000	0.000	0.000	0.000
1990-08-27	Perennial Ryegrass	7.6	-1	0	0.0	0.0	0.0	0.0	0.00	0.00	0.00	0	0.00	0.00	0.00	0.00	0.0	0.000	0.000	0.000	0.000	0.000	0.000
1990-08-28	Perennial Ryegrass	7.6	-1	0	0.0	0.0	0.0	0.0	0.00	0.00	0.00	0	0.00	0.00	0.00	0.00	0.0	0.000	0.000	0.000	0.000	0.000	0.000
1990-08-29	Perennial Ryegrass	7.6	-1	0	0.0	0.0	0.0	0.0	0.00	0.00	0.00	0	0.00	0.00	0.00	0.00	0.0	0.000	0.000	0.000	0.000	0.000	0.000
1990-08-30	Perennial Ryegrass	7.6	-1	0	0.0	0.0	0.0	0.0	0.00	0.00	0.00	0	0.00	0.00	0.00	0.00	0.0	0.000	0.000	0.000	0.000	0.000	0.000
1990-08-31	Perennial Ryegrass	7.6	-1	0	0.0	0.0	0.0	0.0	0.00	0.00	0.00	0	0.00	0.00	0.00	0.00	0.0	0.000	0.000	0.000	0.000	0.000	0.000
1990-09-01	Perennial Ryegrass	7.6	-1	0	0.0	0.0	0.0	0.0	0.00	0.00	0.00	0	0.00	0.00	0.00	0.00	0.0	0.000	0.000	0.000	0.000	0.000	0.000
1990-09-02	Perennial Ryegrass	7.6	-1	0	0.0	0.0	0.0	0.0	0.00	0.00	0.00	0	0.00	0.00	0.00	0.00	0.0	0.000	0.000	0.000	0.000	0.000	0.000
1990-09-03	Perennial Ryegrass	7.6	-1	0	0.0	0.0	0.0	0.0	0.00	0.00	0.00	0	0.00	0.00	0.00	0.00	0.0	0.000	0.000	0.000	0.000	0.000	0.000
1990-09-04	Perennial Ryegrass	7.6	-1	0	0.0	0.0	0.0	0.0	0.00	0.00	0.00	0	0.00	0.00	0.00	0.00	0.0	0.000	0.000	0.000	0.000	0.000	0.000
1990-09-05	Perennial Ryegrass	7.6	-1	0	0.0	0.0	0.0	0.0	0.00	0.00	0.00	0	0.00	0.00	0.00	0.00	0.0	0.000	0.000	0.000	0.000	0.000	0.000
1990-09-06	Perennial Ryegrass	7.6	-1	0	0.0	0.0	0.0	0.0	0.00	0.00	0.00	0	0.00	0.00	0.00	0.00	0.0	0.000	0.000	0.000	0.000	0.000	0.000
1990-09-07	Perennial Ryegrass	7.6	-1	0	0.0	0.0	0.0	0.0	0.00	0.00	0.00	0	0.00	0.00	0.00	0.00	0.0	0.000	0.000	0.000	0.000	0.000	0.000
1990-09-08	Perennial Ryegrass	7.6	-1	0	0.0	0.0	0.0	0.0	0.00	0.00	0.00	0	0.00	0.00	0.00	0.00	0.0	0.000	0.000	0.000	0.000	0.000	0.000
1990-09-09	Perennial Ryegrass	7.6	-1	0	0.0	0.0	0.0	0.0	0.00	0.00	0.00	0	0.00	0.00	0.00	0.00	0.0	0.000	0.000	0.000	0.000	0.000	0.000
1990-09-10	Perennial Ryegrass	7.6	-1	0	0.0	0.0	0.0	0.0	0.00	0.00	0.00	0	0.00	0.00	0.00	0.00	0.0	0.000	0.000	0.000	0.000	0.000	0.000
1990-09-11	Perennial Ryegrass	7.6	-1	0	0.0	0.0	0.0	0.0	0.00	0.00	0.00	0	0.00	0.00	0.00	0.00	0.0	0.000	0.000	0.000	0.000	0.000	0.000
1990-09-12	Perennial Ryegrass	7.6	-1	0	0.0	0.0	0.0	0.0	0.00	0.00	0.00	0	0.00	0.00	0.00	0.00	0.0	0.000	0.000	0.000	0.000	0.000	0.000
1990-09-13	Perennial Ryegrass	7.6	-1	0	0.0	0.0	0.0	0.0	0.00	0.00	0.00	0	0.00	0.00	0.00	0.00	0.0	0.000	0.000	0.000	0.000	0.000	0.000
1990-09-14	Perennial Ryegrass	7.6	-1	0	0.0	0.0	0.0	0.0	0.00	0.00	0.00	0	0.00	0.00	0.00	0.00	0.0	0.000	0.000	0.000	0.000	0.000	0.000
1990-09-15	Perennial Ryegrass	7.6	-1	0	0.0	0.0	0.0	0.0	0.00	0.00	0.00	0	0.00	0.00	0.00	0.00	0.0	0.000	0.000	0.000	0.000	0.000	0.000
1990-09-16	Perennial Ryegrass	7.6	-1	0	0.0	0.0	0.0	0.0	0.00	0.00	0.00	0	0.00	0.00	0.00	0.00	0.0	0.000	0.000	0.000	0.000	0.000	0.000
1990-09-17	Perennial Ryegrass	7.6	-1	0	0.0	0.0	0.0	0.0	0.00	0.00	0.00	0	0.00	0.00	0.00	0.00	0.0	0.000	0.000	0.000	0.000	0.000	0.000
1990-09-18	Perennial Ryegrass	7.6	-1	0	0.0	0.0	0.0	0.0	0.00	0.00	0.00	0	0.00	0.00	0.00	0.00	0.0	0.000	0.000	0.000	0.000	0.000	0.000
1990-09-19	Perennial Ryegrass	7.6	-1	0	0.0	0.0	0.0	0.0	0.00	0.00	0.00	0	0.00	0.00	0.00	0.00	0.0	0.000	0.000	0.000	0.000	0.000	0.000
1990-09-20	Perennial Ryegrass	7.6	-1	0	0.0	0.0	0.0	0.0	0.00	0.00	0.00	0	0.00	0.00	0.00	0.00	0.0	0.000	0.000	0.000	0.000	0.000	0.000
1990-09-21	Perennial Ryegrass	7.6	-1	0	0.0	0.0	0.0	0.0	0.00	0.00	0.00	0	0.00	0.00	0.00	0.00	0.0	0.000	0.000	0.000	0.000	0.000	0.000
1990-09-22	Perennial Ryegrass	7.6	-1	0	0.0	0.0	0.0	0.0	0.00	0.00	0.00	0	0.00	0.00	0.00	0.00	0.0	0.000	0.000	0.000	0.000	0.000	0.000
1990-09-23	Perennial Ryegrass	7.6	-1	0	0.0	0.0	0.0	0.0	0.00	0.00	0.00	0	0.00	0.00	0.00	0.00	0.0	0.000	0.000	0.000	0.000	0.000	0.000
1990-09-24	Perennial Ryegrass	7.6	-1	0	0.0	0.0	0.0	0.0	0.00	0.00	0.00	0	0.00	0.00	0.00	0.00	0.0	0.000	0.000	0.000	0.000	0.000	0.000
1990-09-25	Perennial Ryegrass	7.6	-1	0	0.0	0.0	0.0	0.0	0.00	0.00	0.00	0	0.00	0.00	0.00	0.00	0.0	0.000	0.000	0.000	0.000	0.000	0.000
1990-09-26	Perennial Ryegrass	7.6	-1	0	0.0	0.0	0.0	0.0	0.00	0.00	0.00	0	0.00	0.00	0.00	0.00	0.0	0.000	0.000	0.000	0.000	0.000	0.000
1990-09-27	Perennial Ryegrass	7.6	-1	0	0.0	0.0	0.0	0.0	0.00	0.00	0.00	0	0.00	0.00	0.00	0.00	0.0	0.000	0.000	0.000	0.000	0.000	0.000
1990-09-28	Perennial Ryegrass	7.6	-1	0	0.0	0.0	0.0	0.0	0.00	0.00	0.00	0	0.00	0.00	0.00	0.00	0.0	0.000	0.000	0.000	0.000	0.000	0.000
1990-09-29	Perennial Ryegrass	7.6	-1	0	0.0	0.0	0.0	0.0	0.00	0.00	0.00	0	0.00	0.00	0.00	0.00	0.0	0.000	0.000	0.000	0.000	0.000	0.000
1990-09-30	Perennial Ryegrass	7.6	-1	0	0.0	0.0	0.0	0.0	0.00	0.00	0.00	0	0.00	0.00	0.00	0.00	0.0	0.000	0.000	0.000	0.000	0.000	0.000
1990-10-01	Perennial Ryegrass	7.6	-1	0	73.5	0.0	73.5	0.0	0.00	0.00	73.51	0	54.82	18.69	0.00	29.34	0.0	0.004	0.000	0.000	0.000	0.000	0.000
1990-10-02	Perennial Ryegrass	7.6	-1	0	77.4	0.0	77.4	0.0	0.00	0.00	77.35	0	57.67	19.68	0.00	30.81	0.0	0.004	0.000	0.000	0.000	0.000	0.000
1990-10-03	Perennial Ryegrass	7.6	-1	0	81.5	0.0	80.8	0.0	0.69	0.00	80.83	1	60.74	20.78	0.69	32.42	0.0	0.005	0.000	0.000	0.000	0.000	0.000
1990-10-04	Perennial Ryegrass	7.6	-1	0	86.1	0.0	85.4	0.0	0.69	0.00	85.37	1	64.10	21.96	0.69	34.09	0.0	0.005	0.000	0.000	0.000	0.000	0.000
1990-10-05	Perennial Ryegrass	7.6	-1	0	91.2	0.0	90.5	0.0	0.66	0.03	90.47	1	67.86	23.29	0.69	36.05	0.0	0.005	0.000	0.000	0.000	0.000	0.000
1990-10-06	Perennial Ryegrass	7.6	-1	0	98.3	0.0	97.7	0.0	0.66	0.00	97.68	1	73.13	25.20	0.66	38.86	0.0	0.005	0.000	0.000	0.000	0.000	0.000
1990-10-07	Perennial Ryegrass	7.6	-1	0	108.1	0.0	107.5	0.0	0.66	0.00	107.46	1	80.31	27.81	0.66	42.71	0.0	0.006	0.000	0.000	0.000	0.000	0.000
1990-10-08	Perennial Ryegrass	7.6	-1	0	115.9	0.0	115.1	0.0	0.69	0.04	115.14	1	85.98	29.88	0.72	45.73	0.0	0.006	0.000	0.000	0.000	0.000	0.000
1990-10-09	Perennial Ryegrass	7.6	-1	0	123.8	0.0	123.1	0.0	0.68	0.00	123.15	1	91.81	32.02	0.69	48.85	0.0	0.007	0.000	0.000	0.000	0.000	0.000
1990-10-10	Perennial Ryegrass	7.6	-1	0	132.4	0.0	131.8	0.0	0.65	0.03	131.75	1	98.10	34.33	0.68	52.21	0.0	0.007	0.000	0.000	0.000	0.000	0.000
1990-10-11	Perennial Ryegrass	7.6	-1	0	143.9	0.0	143.3	0.0	0.64	0.01	143.26	1	106.52	37.39	0.65	56.73	0.0	0.007	0.000	0.000	0.000	0.000	0.000
1990-10-12	Perennial Ryegrass	7.6	-1	0	153.3	0.0	152.6	0.0	0.64	0.00	152.62	1	113.33	39.92	0.64	60.38	0.0	0.008	0.001	0.000	0.000	0.000	0.000
1990-10-13	Perennial Ryegrass	7.6	-1	0	164.6	0.0	164.0	0.0	0.63	0.00	163.96	1	121.61	42.98	0.64	64.83	0.0	0.008	0.001	0.000	0.000	0.000	0.000
1990-10-14	Perennial Ryegrass	7.6	-1	0	175.7	0.0	174.8	0.0	0.87	0.00	174.85	1	129.75	45.97	0.87	69.18	0.0	0.009	0.001	0.000	0.000	0.000	0.000
1990-10-15	Perennial Ryegrass	7.6	-1	0	181.6	0.0	180.7	0.0	0.86	0.01	180.74	1	134.07	47.55	0.87	71.40	0.0	0.009	0.001	0.000	0.000	0.000	0.000
1990-10-16	Perennial Ryegrass	7.6	-1	0	194.7	0.0	193.9	0.0	0.86	0.00	193.87	1	143.68	51.05	0.86	76.55	0.0	0.010	0.001	0.000	0.000	0.000	0.000
1990-10-17	Perennial Ryegrass	7.6	-1	0	204.0	0.0	203.1	0.0	0.86	0.00	203.10	1	150.41	53.55	0.86	80.11	0.0	0.010	0.001	0.000	0.000	0.000	0.000
1990-10-18	Perennial Ryegrass	7.6	-1	0	217.6	0.0	216.8	0.0	0.85	0.00	216.79	1	160.42	57.23	0.86	85.47	0.0	0.011	0.001	0.000	0.000	0.000	0.000
1990-10-19	Perennial Ryegrass	7.6	-1	0	223.3	0.0	222.5	0.0	0.79	0.06	222.46	1	164.55	58.76	0.85	87.57	0.0	0.011	0.001	0.000	0.000	0.000	0.000
1990-10-20	Perennial Ryegrass	7.6	-1	0	243.1	0.0	242.3	0.0	0.78	0.01	242.32	1	178.99	64.12	0.79	95.43	0.0	0.012	0.002	0.000	0.000	0.000	0.000
1990-10-21	Perennial Ryegrass	7.6	-1	0	257.9	0.0	257.2	0.0	0.73	0.04	257.17	1	189.75	68.20	0.78	101.24	0.0	0.012	0.002	0.000	0.000	0.000	0.000
1990-10-22	Perennial Ryegrass	7.6	-1	0	278.8	0.0	278.0	0.0	0.80	0.00	278.03	1	204.89	73.94	0.80	109.51	0.0	0.013	0.002	0.000	0.000	0.000	0.000
1990-10-23	Perennial Ryegrass	7.6	-1	0	295.3	0.0	294.5	0.0	0.80	0.00	294.48	1	216.82	78.46	0.80	115.94	0.0	0.013	0.002	0.000	0.000	0.000	0.000
1990-10-24	Perennial Ryegrass	7.6	-1	0	311.2	0.0	310.4	0.0	0.80	0.00	310.41	1	228.34	82.86	0.80	122.14	0.0	0.014	0.003	0.000	0.000	0.000	0.000
1990-10-25	Perennial Ryegrass	7.6	-1	0	328.7	0.0	327.9	0.0	0.79	0.00	327.88	1	241.01	87.67	0.79	128.96	0.0	0.015	0.003	0.000	0.000	0.000	0.000
1990-10-26	Perennial Ryegrass	7.6	-1	0	343.7	0.0	342.8	0.0	0.85	0.00	342.85	1	251.90	91.81	0.85	134.77	0.0	0.015	0.003	0.001	0.000	0.000	0.000
1990-10-27	Perennial Ryegrass	7.6	-1	0	359.8	0.0	358.9	0.0	0.85	0.00	358.94	1	263.55	96.24	0.85	140.99	0.0	0.016	0.003	0.001	0.000	0.000	0.000
1990-10-28	Perennial Ryegrass	7.6	-1	0	377.0	0.0	376.2	0.0	0.85	0.00	376.18	1	276.02	101.01	0.85	147.66	0.0	0.016	0.004	0.001	0.000	0.000	0.000
1990-10-29	Perennial Ryegrass	7.6	-1	0	396.7	0.0	395.8	0.0	0.85	0.00	395.83	1	290.21	106.47	0.85	155.28	0.0	0.017	0.004	0.001	0.000	0.000	0.000
1990-10-30	Perennial Ryegrass	7.6	-1	0	414.7	0.0	413.9	0.0	0.84	0.00	413.90	1	303.23	111.51	0.84	162.23	0.0	0.017	0.004	0.001	0.000	0.000	0.000
1990-10-31	Perennial Ryegrass	7.6	-1	0	429.8	0.0	428.9	0.0	0.84	0.00	428.94	1	314.07	115.71	15.24	167.93	0.0	0.018	0.004	0.001	0.000	0.000	0.000
1990-11-01	Perennial Ryegrass	7.6	-1	0	448.6	0.0	447.7	0.0	0.84	0.00	447.75	1	327.61	120.97	31.04	175.14	0.0	0.018	0.005	0.001	0.000	0.000	0.000
1990-11-02	Perennial Ryegrass	7.6	-1	0	466.6	0.0	465.8	0.0	0.84	0.00	465.79	1	340.59	126.04	50.51	182.03	0.0	0.019	0.005	0.001	0.000	0.000	0.000
1990-11-03	Perennial Ryegrass	7.6	-1	0	483.4	0.0	482.5	0.0	0.83	0.00	482.54	1	352.63	130.75	68.99	188.37	0.0	0.019	0.006	0.001	0.000	0.000	0.000
1990-11-04	Perennial Ryegrass	7.6	-1	0	500.8	0.0	499.9	0.0	0.77	0.06	499.94	1	365.11	135.66	86.35	194.97	0.0	0.019	0.006	0.002	0.001	0.000	0.000
1990-11-05	Perennial Ryegrass	7.6	-1	0	527.3	0.0	526.5	0.0	0.77	0.00	526.50	1	384.11	143.16	106.02	205.31	0.0	0.019	0.006	0.002	0.001	0.000	0.000
1990-11-06	Perennial Ryegrass	7.6	-1	0	553.6	0.0	552.8	0.0	0.77	0.00	552.84	1	402.95	150.67	133.60	215.53	0.0	0.020	0.007	0.002	0.001	0.000	0.000
1990-11-07	Perennial Ryegrass	7.6	-1	0	576.1	0.0	575.3	0.0	0.77	0.00	575.32	1	418.99	157.10	159.83	224.13	0.0	0.021	0.007	0.002	0.001	0.000	0.000
1990-11-08	Perennial Ryegrass	7.6	-1	0	593.6	0.0	592.8	0.0	0.76	0.00	592.81	1	431.46	162.12	181.42	230.66	0.0	0.021	0.008	0.003	0.001	0.000	0.000
1990-11-09	Perennial Ryegrass	7.6	-1	0	617.9	0.0	617.2	0.0	0.75	0.02	617.17	1	448.82	169.11	201.50	239.99	0.0	0.020	0.008	0.003	0.001	0.000	0.000
1990-11-10	Perennial Ryegrass	7.6	-1	0	643.1	0.0	642.4	0.0	0.74	0.01	642.37	1	466.71	176.40	226.78	249.66	0.0	0.020	0.009	0.003	0.001	0.000	0.000
1990-11-11	Perennial Ryegrass	7.6	-1	0	668.5	0.0	667.7	0.0	0.74	0.00	667.73	1	484.72	183.75	252.68	259.40	0.0	0.020	0.010	0.004	0.001	0.000	0.000
1990-11-12	Perennial Ryegrass	7.6	-1	0	685.3	0.0	684.4	0.0	0.94	0.00	684.35	1	496.67	188.63	275.34	265.60	0.0	0.020	0.010	0.004	0.001	0.000	0.000
1990-11-13	Perennial Ryegrass	7.6	-1	0	698.2	0.0	697.3	0.0	0.94	0.00	697.30	1	505.86	192.38	290.67	270.18	0.0	0.020	0.010	0.004	0.001	0.000	0.000
1990-11-14	Perennial Ryegrass	7.6	-1	0	706.7	0.0	705.7	0.0	0.93	0.01	705.72	1	511.84	194.82	301.83	272.87	0.0	0.020	0.011	0.004	0.002	0.000	0.000
1990-11-15	Perennial Ryegrass	7.6	-1	0	723.1	0.0	722.2	0.0	0.90	0.02	722.22	1	523.55	199.60	313.80	278.89	0.0	0.020	0.011	0.005	0.002	0.000	0.000
1990-11-16	Perennial Ryegrass	7.6	-1	0	738.5	0.0	737.6	0.0	0.90	0.00	737.58	1	534.41	204.08	329.98	284.43	0.0	0.020	0.011	0.005	0.002	0.001	0.000
1990-11-17	Perennial Ryegrass	7.6	-1	0	751.6	0.0	750.7	0.0	0.90	0.00	750.67	1	543.67	207.90	344.47	289.02	0.0	0.020	0.012	0.005	0.002	0.001	0.000
1990-11-18	Perennial Ryegrass	7.6	-1	0	766.0	0.0	765.1	0.0	0.90	0.00	765.09	1	553.87	212.11	358.30	294.19	0.0	0.020	0.012	0.005	0.002	0.001	0.000
1990-11-19	Perennial Ryegrass	7.6	-1	0	778.5	0.0	777.6	0.0	0.89	0.00	777.61	1	562.73	215.78	371.96	298.56	0.0	0.020	0.012	0.005	0.002	0.001	0.000
1990-11-20	Perennial Ryegrass	7.6	-1	0	789.0	0.0	788.1	0.0	0.89	0.00	788.14	1	570.18	218.86	383.62	302.10	0.0	0.020	0.013	0.006	0.002	0.001	0.000
1990-11-21	Perennial Ryegrass	7.6	-1	0	796.1	0.0	795.2	0.0	0.89	0.00	795.16	1	575.14	220.92	392.49	304.16	0.0	0.020	0.013	0.006	0.002	0.001	0.000
1990-11-22	Perennial Ryegrass	7.6	-1	0	804.2	0.0	803.3	0.0	0.89	0.00	803.31	1	580.89	223.30	400.10	306.69	0.0	0.020	0.013	0.006	0.002	0.001	0.000
1990-11-23	Perennial Ryegrass	7.6	-1	0	812.8	0.0	811.9	0.0	0.88	0.00	811.90	1	586.96	225.83	408.51	309.41	0.0	0.020	0.013	0.006	0.002	0.001	0.000
1990-11-24	Perennial Ryegrass	7.6	-1	0	820.6	0.0	819.7	0.0	0.88	0.00	819.74	1	592.50	228.13	416.76	311.82	0.0	0.020	0.013	0.006	0.002	0.001	0.000
1990-11-25	Perennial Ryegrass	7.6	-1	0	827.2	0.0	826.3	0.0	0.88	0.00	826.27	1	597.10	230.05	423.97	313.68	0.0	0.020	0.013	0.006	0.002	0.001	0.000
1990-11-26	Perennial Ryegrass	7.6	-1	0	832.7	0.0	831.8	0.0	0.88	0.00	831.83	1	601.03	231.68	430.02	315.12	0.0	0.019	0.013	0.006	0.003	0.001	0.000
1990-11-27	Perennial Ryegrass	7.6	-1	0	837.5	0.0	836.6	0.0	0.87	0.00	836.62	1	604.40	233.09	435.19	316.22	0.0	0.019	0.013	0.006	0.003	0.001	0.000
1990-11-28	Perennial Ryegrass	7.6	-1	0	841.0	0.0	840.1	0.0	0.87	0.00	840.15	1	606.89	234.13	439.33	316.77	0.0	0.019	0.013	0.006	0.003	0.001	0.000
1990-11-29	Perennial Ryegrass	7.6	-1	0	843.6	0.0	842.7	0.0	0.87	0.00	842.75	1	608.72	234.89	442.38	316.89	0.0	0.019	0.013	0.006	0.003	0.001	0.000
1990-11-30	Perennial Ryegrass	7.6	-1	0	846.8	0.0	845.9	0.0	0.87	0.00	845.92	1	610.96	235.83	445.28	317.24	0.0	0.019	0.013	0.007	0.003	0.001	0.000
1990-12-01	Perennial Ryegrass	7.6	-1	0	849.0	0.0	848.2	0.0	0.86	0.00	848.18	1	612.55	236.49	447.97	317.18	0.0	0.019	0.013	0.007	0.003	0.001	0.000
1990-12-02	Perennial Ryegrass	7.6	-1	0	852.4	0.0	851.5	0.0	0.84	0.02	851.50	1	614.89	237.47	450.80	317.56	0.0	0.019	0.013	0.007	0.003	0.001	0.000
1990-12-03	Perennial Ryegrass	7.6	-1	0	856.3	0.0	855.4	0.0	0.77	0.07	855.42	1	617.64	238.62	454.42	318.19	0.0	0.019	0.013	0.007	0.003	0.001	0.000
1990-12-04	Perennial Ryegrass	7.6	-1	0	877.5	0.0	876.7	0.0	0.77	0.00	876.71	1	632.59	244.89	467.53	326.28	0.0	0.020	0.013	0.007	0.003	0.001	0.000
1990-12-05	Perennial Ryegrass	7.6	-1	0	890.1	0.0	889.4	0.0	0.77	0.00	889.37	1	641.49	248.66	484.37	330.62	0.0	0.020	0.013	0.007	0.003	0.001	0.000
1990-12-06	Perennial Ryegrass	7.6	-1	0	898.8	0.0	898.0	0.0	0.77	0.00	897.99	1	647.55	251.21	494.88	333.19	0.0	0.020	0.014	0.007	0.003	0.001	0.000
1990-12-07	Perennial Ryegrass	7.6	-1	0	904.4	0.0	903.7	0.0	0.77	0.00	903.67	1	651.54	252.90	501.91	334.46	0.0	0.020	0.014	0.007	0.003	0.001	0.000
1990-12-08	Perennial Ryegrass	7.6	-1	0	909.3	0.0	908.6	0.0	0.76	0.00	908.58	1	654.99	254.36	507.17	335.39	0.0	0.020	0.014	0.007	0.003	0.001	0.000
1990-12-09	Perennial Ryegrass	7.6	-1	0	917.0	0.0	916.2	0.0	0.76	0.00	916.20	1	660.34	256.62	513.61	337.49	0.0	0.020	0.014	0.007	0.003	0.001	0.000
1990-12-10	Perennial Ryegrass	7.6	-1	0	925.7	0.0	924.9	0.0	0.71	0.05	924.95	1	666.49	259.22	521.89	340.11	0.0	0.020	0.014	0.007	0.003	0.001	0.000
1990-12-11	Perennial Ryegrass	7.6	-1	0	946.7	0.0	946.0	0.0	0.71	0.00	946.04	1	681.25	265.49	537.63	348.13	0.0	0.021	0.014	0.007	0.003	0.001	0.000
1990-12-12	Perennial Ryegrass	7.6	-1	0	960.9	0.0	960.2	0.0	0.71	0.00	960.23	1	691.20	269.74	554.94	353.14	0.0	0.021	0.015	0.007	0.003	0.001	0.000
1990-12-13	Perennial Ryegrass	7.6	-1	0	971.9	0.0	971.2	0.0	0.70	0.00	971.20	1	698.88	273.02	567.33	356.74	0.0	0.021	0.015	0.007	0.003	0.001	0.000
1990-12-14	Perennial Ryegrass	7.6	-1	0	978.9	0.0	978.2	0.0	0.70	0.00	978.17	1	703.76	275.11	576.00	358.61	0.0	0.021	0.015	0.008	0.003	0.001	0.000
1990-12-15	Perennial Ryegrass	7.6	-1	0	984.7	0.0	984.0	0.0	0.70	0.00	983.98	1	707.83	276.85	582.30	359.98	0.0	0.021	0.015	0.008	0.003	0.001	0.000
1990-12-16	Perennial Ryegrass	7.6	-1	0	990.1	0.0	989.4	0.0	0.70	0.00	989.38	1	711.62	278.46	587.88	361.15	0.0	0.021	0.015	0.008	0.003	0.001	0.000
1990-12-17	Perennial Ryegrass	7.6	-1	0	993.7	0.0	993.0	0.0	0.70	0.00	993.02	1	714.16	279.55	592.24	361.53	0.0	0.021	0.015	0.008	0.003	0.001	0.000
1990-12-18	Perennial Ryegrass	7.6	-1	0	989.5	0.0	988.8	0.0	0.69	0.00	988.80	1	710.42	279.08	591.19	359.38	0.0	0.021	0.015	0.008	0.003	0.001	0.000
1990-12-19	Perennial Ryegrass	7.6	-1	0	996.0	0.0	995.3	0.0	0.69	0.01	995.31	1	714.98	281.03	593.37	361.01	0.0	0.021	0.015	0.008	0.003	0.001	0.000
1990-12-20	Perennial Ryegrass	7.6	-1	0	997.8	0.0	997.1	0.0	0.68	0.00	997.12	1	716.24	281.57	597.08	360.55	0.0	0.021	0.015	0.008	0.003	0.001	0.000
1990-12-21	Perennial Ryegrass	7.6	-1	0	1001.8	0.0	1001.1	0.0	0.68	0.00	1001.08	1	719.01	282.75	600.17	361.05	0.0	0.021	0.015	0.008	0.003	0.001	0.000
1990-12-22	Perennial Ryegrass	7.6	-1	0	996.1	0.0	995.5	0.0	0.68	0.00	995.46	1	714.04	282.11	598.39	358.58	0.0	0.021	0.015	0.008	0.003	0.001	0.000
1990-12-23	Perennial Ryegrass	7.6	-1	0	993.5	0.0	992.8	0.0	0.72	0.00	992.81	1	711.72	281.81	594.59	356.76	0.0	0.020	0.015	0.008	0.003	0.001	0.000
1990-12-24	Perennial Ryegrass	7.6	-1	0	995.5	0.0	994.7	0.0	0.77	0.00	994.72	1	713.10	282.39	594.73	356.39	0.0	0.020	0.015	0.008	0.003	0.001	0.000
1990-12-25	Perennial Ryegrass	7.6	-1	0	994.0	0.0	993.2	0.0	0.84	0.00	993.15	1	711.78	282.22	594.63	354.83	0.0	0.020	0.015	0.008	0.003	0.001	0.000
1990-12-26	Perennial Ryegrass	7.6	-1	0	990.5	0.0	989.6	0.0	0.93	0.00	989.61	1	708.72	281.81	591.96	352.85	0.0	0.020	0.015	0.008	0.003	0.001	0.000
1990-12-27	Perennial Ryegrass	7.6	-1	0	982.7	0.0	981.6	0.0	1.10	0.00	981.64	1	701.85	280.88	585.96	349.95	0.0	0.020	0.015	0.008	0.003	0.001	0.000
1990-12-28	Perennial Ryegrass	7.6	-1	0	972.2	0.0	970.7	0.0	1.52	0.00	970.70	2	692.63	279.60	576.68	346.44	0.0	0.020	0.015	0.008	0.003	0.001	0.000
1990-12-29	Perennial Ryegrass	7.6	-1	0	964.6	0.0	962.3	0.0	2.34	0.00	962.25	2	685.96	278.64	568.08	343.52	0.0	0.020	0.015	0.007	0.003	0.001	0.000
1990-12-30	Perennial Ryegrass	7.6	-1	0	956.8	0.0	953.2	0.0	3.58	0.01	953.23	4	679.19	277.63	560.57	340.54	0.0	0.020	0.015	0.007	0.003	0.001	0.000
1990-12-31	Perennial Ryegrass	7.6	-1	0	948.5	0.0	943.2	0.0	5.31	0.03	943.18	5	671.98	276.53	552.74	337.42	0.0	0.019	0.014	0.007	0.003	0.001	0.000
1991-01-01	Perennial Ryegrass	7.6	-1	0	937.0	0.0	929.5	0.0	7.47	0.01	929.51	7	662.03	274.97	542.79	333.55	0.0	0.019	0.014	0.007	0.003	0.001	0.000
1991-01-02	Perennial Ryegrass	7.6	-1	0	927.6	0.0	916.9	0.0	10.62	0.02	916.94	11	653.93	273.65	532.99	330.12	0.0	0.019	0.014	0.007	0.003	0.001	0.000
1991-01-03	Perennial Ryegrass	7.6	-1	0	916.1	0.0	901.6	0.0	14.51	0.03	901.58	15	644.13	271.98	522.81	326.19	0.0	0.019	0.014	0.007	0.003	0.001	0.000
1991-01-04	Perennial Ryegrass	7.6	-1	0	903.9	0.0	884.3	0.0	19.48	0.04	884.34	20	633.73	270.13	511.51	322.04	0.0	0.018	0.014	0.007	0.003	0.001	0.000
1991-01-05	Perennial Ryegrass	7.6	-1	0	888.7	0.0	862.9	0.0	23.87	1.95	862.93	26	621.01	267.74	498.43	317.16	0.0	0.018	0.014	0.007	0.003	0.001	0.000
1991-01-06	Perennial Ryegrass	7.6	-1	0	935.2	0.0	907.4	0.0	27.58	0.18	907.40	28	653.33	281.82	514.54	337.00	0.0	0.020	0.014	0.007	0.003	0.001	0.000
1991-01-07	Perennial Ryegrass	7.6	-1	0	958.0	0.0	925.9	0.0	31.97	0.07	925.92	32	669.24	288.71	549.79	345.63	0.0	0.020	0.015	0.007	0.003	0.001	0.000
1991-01-08	Perennial Ryegrass	7.6	-1	0	983.5	0.0	946.8	0.0	36.70	0.08	946.76	37	687.20	296.34	574.54	355.35	0.0	0.021	0.015	0.008	0.003	0.001	0.000
1991-01-09	Perennial Ryegrass	7.6	-1	0	998.6	0.0	956.9	0.0	41.58	0.09	956.90	42	697.72	300.86	594.29	360.47	0.0	0.021	0.015	0.008	0.003	0.001	0.000
1991-01-10	Perennial Ryegrass	7.6	-1	0	1009.4	0.0	962.8	0.0	46.43	0.10	962.83	47	705.25	304.11	606.88	363.74	0.0	0.022	0.016	0.008	0.003	0.001	0.000
1991-01-11	Perennial Ryegrass	7.6	-1	0	1016.8	0.0	965.8	0.0	50.19	0.76	965.81	51	710.41	306.35	615.52	365.54	0.0	0.022	0.016	0.008	0.003	0.001	0.000
1991-01-12	Perennial Ryegrass	7.6	-1	0	1024.5	0.0	970.2	0.0	54.08	0.18	970.24	54	715.61	308.89	622.66	367.73	0.0	0.022	0.016	0.008	0.003	0.001	0.000
1991-01-13	Perennial Ryegrass	7.6	-1	0	1030.3	0.0	972.5	0.0	57.65	0.13	972.52	58	719.62	310.68	629.36	368.84	0.0	0.022	0.016	0.008	0.003	0.001	0.000
1991-01-14	Perennial Ryegrass	7.6	-1	0	1035.8	0.0	974.6	0.0	61.00	0.14	974.62	61	723.41	312.36	634.90	369.76	0.0	0.021	0.016	0.008	0.003	0.001	0.000
1991-01-15	Perennial Ryegrass	7.6	-1	0	1040.9	0.0	977.1	0.0	63.70	0.15	977.06	64	726.97	313.95	639.92	370.54	0.0	0.021	0.016	0.008	0.003	0.001	0.000
1991-01-16	Perennial Ryegrass	7.6	-1	0	1049.0	0.0	983.4	0.0	65.45	0.16	983.36	66	732.57	316.40	646.39	372.57	0.0	0.021	0.016	0.008	0.003	0.001	0.000
1991-01-17	Perennial Ryegrass	7.6	-1	0	1057.4	0.0	990.0	0.0	67.22	0.16	990.01	67	738.41	318.97	654.68	374.78	0.0	0.021	0.017	0.008	0.003	0.001	0.000
1991-01-18	Perennial Ryegrass	7.6	-1	0	1062.7	0.0	993.4	0.0	69.14	0.17	993.43	69	742.10	320.64	661.36	375.68	0.0	0.021	0.017	0.008	0.003	0.001	0.000
1991-01-19	Perennial Ryegrass	7.6	-1	0	1068.1	0.0	997.1	0.0	70.83	0.17	997.09	71	745.79	322.30	666.62	376.59	0.0	0.021	0.017	0.008	0.003	0.001	0.000
1991-01-20	Perennial Ryegrass	7.6	-1	0	1069.1	0.0	996.6	0.0	72.35	0.18	996.59	73	746.45	322.67	669.32	375.65	0.0	0.021	0.017	0.008	0.003	0.001	0.000
1991-01-21	Perennial Ryegrass	7.6	-1	0	1073.9	0.0	1000.3	0.0	68.02	5.59	1000.32	74	749.76	324.17	672.43	376.35	0.0	0.021	0.017	0.009	0.003	0.001	0.000
1991-01-22	Perennial Ryegrass	7.6	-1	0	1079.7	0.0	1010.4	0.0	64.40	4.83	1010.42	69	752.10	327.56	675.62	379.75	0.0	0.021	0.017	0.009	0.003	0.001	0.000
1991-01-23	Perennial Ryegrass	7.6	-1	0	1090.9	0.0	1025.6	0.0	59.75	5.57	1025.60	65	758.53	332.39	684.91	385.22	0.0	0.022	0.017	0.009	0.003	0.001	0.000
1991-01-24	Perennial Ryegrass	7.6	-1	0	1118.4	0.0	1057.5	0.0	60.76	0.15	1057.52	61	776.06	342.38	705.99	397.89	0.0	0.022	0.018	0.009	0.003	0.001	0.000
1991-01-25	Perennial Ryegrass	7.6	-1	0	1148.9	0.0	1087.0	0.0	61.74	0.15	1086.99	62	797.20	351.68	737.74	409.44	0.0	0.023	0.018	0.009	0.003	0.001	0.000
1991-01-26	Perennial Ryegrass	7.6	-1	0	1172.2	0.0	1109.6	0.0	62.46	0.15	1109.64	63	813.41	358.84	763.92	417.91	0.0	0.024	0.019	0.009	0.003	0.001	0.000
1991-01-27	Perennial Ryegrass	7.6	-1	0	1193.2	0.0	1130.1	0.0	62.99	0.16	1130.07	63	827.94	365.28	785.85	425.35	0.0	0.024	0.019	0.009	0.003	0.001	0.000
1991-01-28	Perennial Ryegrass	7.6	-1	0	1214.1	0.0	1150.5	0.0	63.42	0.16	1150.55	64	842.42	371.71	806.88	432.76	0.0	0.025	0.019	0.009	0.003	0.001	0.000
1991-01-29	Perennial Ryegrass	7.6	-1	0	1231.0	0.0	1167.0	0.0	63.79	0.16	1167.05	64	854.08	376.92	825.26	438.46	0.0	0.025	0.020	0.010	0.003	0.001	0.000
1991-01-30	Perennial Ryegrass	7.6	-1	0	1241.2	0.0	1176.9	0.0	64.11	0.16	1176.93	64	861.11	380.10	837.81	441.33	0.0	0.025	0.020	0.010	0.004	0.001	0.000
1991-01-31	Perennial Ryegrass	7.6	-1	0	1250.9	0.0	1186.2	0.0	64.51	0.16	1186.18	65	867.74	383.11	847.71	443.94	0.0	0.025	0.020	0.010	0.004	0.001	0.000
1991-02-01	Perennial Ryegrass	7.6	-1	0	1260.6	0.0	1195.6	0.0	64.84	0.16	1195.61	65	874.45	386.15	857.43	446.59	0.0	0.025	0.020	0.010	0.004	0.001	0.000
1991-02-02	Perennial Ryegrass	7.6	-1	0	1269.3	0.0	1204.1	0.0	65.09	0.16	1204.09	65	880.45	388.89	866.50	448.81	0.0	0.025	0.020	0.010	0.004	0.001	0.000
1991-02-03	Perennial Ryegrass	7.6	-1	0	1276.0	0.0	1210.5	0.0	65.37	0.16	1210.47	66	885.01	390.99	873.88	450.11	0.0	0.025	0.021	0.010	0.004	0.001	0.000
1991-02-04	Perennial Ryegrass	7.6	-1	0	1280.8	0.0	1215.0	0.0	65.65	0.16	1214.98	66	888.27	392.52	879.30	450.58	0.0	0.024	0.021	0.010	0.004	0.001	0.000
1991-02-05	Perennial Ryegrass	7.6	-1	0	1283.2	0.0	1217.1	0.0	63.91	2.19	1217.15	66	889.91	393.34	882.54	450.00	0.0	0.024	0.021	0.010	0.004	0.001	0.000
1991-02-06	Perennial Ryegrass	7.6	-1	0	1288.0	0.0	1223.8	0.0	60.00	4.22	1223.81	64	892.55	395.48	885.84	451.31	0.0	0.024	0.021	0.010	0.004	0.001	0.000
1991-02-07	Perennial Ryegrass	7.6	-1	0	1293.9	0.0	1233.6	0.0	60.14	0.15	1233.58	60	895.29	398.58	890.67	453.95	0.0	0.024	0.021	0.010	0.004	0.001	0.000
1991-02-08	Perennial Ryegrass	7.6	-1	0	1301.2	0.0	1240.8	0.0	60.26	0.15	1240.77	60	900.30	400.88	898.85	455.44	0.0	0.025	0.021	0.010	0.004	0.001	0.000
1991-02-09	Perennial Ryegrass	7.6	-1	0	1303.8	0.0	1243.3	0.0	60.35	0.15	1243.33	61	902.08	401.76	903.01	454.89	0.0	0.025	0.021	0.010	0.004	0.001	0.000
1991-02-10	Perennial Ryegrass	7.6	-1	0	1311.4	0.0	1250.9	0.0	60.37	0.15	1250.91	61	907.28	404.15	908.99	456.53	0.0	0.024	0.021	0.011	0.004	0.001	0.000
1991-02-11	Perennial Ryegrass	7.6	-1	0	1315.8	0.0	1255.3	0.0	60.39	0.15	1255.26	61	910.25	405.55	914.41	456.76	0.0	0.024	0.021	0.011	0.004	0.001	0.000
1991-02-12	Perennial Ryegrass	7.6	-1	0	1319.0	0.0	1258.4	0.0	60.41	0.15	1258.39	61	912.37	406.58	917.95	456.45	0.0	0.024	0.021	0.011	0.004	0.001	0.000
1991-02-13	Perennial Ryegrass	7.6	-1	0	1318.8	0.0	1258.3	0.0	60.40	0.15	1258.30	61	912.24	406.61	918.88	454.69	0.0	0.024	0.021	0.011	0.004	0.001	0.000
1991-02-14	Perennial Ryegrass	7.6	-1	0	1320.7	0.0	1260.2	0.0	60.37	0.15	1260.18	61	913.46	407.24	920.10	453.78	0.0	0.024	0.021	0.011	0.004	0.001	0.000
1991-02-15	Perennial Ryegrass	7.6	-1	0	1322.1	0.0	1261.6	0.0	58.37	2.10	1261.61	60	914.35	407.72	921.62	452.68	0.0	0.024	0.021	0.011	0.004	0.001	0.000
1991-02-16	Perennial Ryegrass	7.6	-1	0	1321.5	0.0	1263.1	0.0	58.29	0.15	1263.09	58	913.32	408.21	921.05	451.63	0.0	0.024	0.021	0.011	0.004	0.001	0.000
1991-02-17	Perennial Ryegrass	7.6	-1	0	1325.3	0.0	1267.0	0.0	58.18	0.15	1266.98	58	915.88	409.43	924.07	451.69	0.0	0.024	0.021	0.011	0.004	0.001	0.000
1991-02-18	Perennial Ryegrass	7.6	-1	0	1327.6	0.0	1269.3	0.0	58.08	0.15	1269.35	58	917.39	410.18	926.83	451.09	0.0	0.024	0.021	0.011	0.004	0.001	0.000
1991-02-19	Perennial Ryegrass	7.6	-1	0	1325.9	0.0	1267.7	0.0	57.99	0.14	1267.72	58	915.87	409.98	926.37	449.02	0.0	0.024	0.021	0.011	0.004	0.001	0.000
1991-02-20	Perennial Ryegrass	7.6	-1	0	1324.4	0.0	1266.2	0.0	58.00	0.14	1266.22	58	914.55	409.81	924.84	447.04	0.0	0.023	0.021	0.011	0.004	0.001	0.000
1991-02-21	Perennial Ryegrass	7.6	-1	0	1321.0	0.0	1262.7	0.0	58.14	0.14	1262.72	58	911.61	409.40	922.11	444.62	0.0	0.023	0.021	0.011	0.004	0.001	0.000
1991-02-22	Perennial Ryegrass	7.6	-1	0	1310.1	0.0	1251.4	0.0	57.62	1.10	1251.40	59	902.15	407.97	913.71	440.39	0.0	0.023	0.020	0.010	0.004	0.001	0.000
1991-02-23	Perennial Ryegrass	7.6	-1	0	1301.8	0.0	1242.7	0.0	58.97	0.14	1242.69	59	894.80	407.00	904.59	437.02	0.0	0.023	0.020	0.010	0.004	0.001	0.000
1991-02-24	Perennial Ryegrass	7.6	-1	0	1295.8	0.0	1234.6	0.0	61.01	0.15	1234.62	61	889.58	406.20	898.37	433.99	0.0	0.023	0.020	0.010	0.004	0.001	0.000
1991-02-25	Perennial Ryegrass	7.6	-1	0	1284.4	0.0	1220.6	0.0	63.61	0.15	1220.62	64	879.75	404.63	888.91	429.66	0.0	0.023	0.020	0.010	0.004	0.001	0.000
1991-02-26	Perennial Ryegrass	7.6	-1	0	1268.8	0.0	1201.1	0.0	67.59	0.16	1201.10	68	866.40	402.45	875.24	424.32	0.0	0.022	0.020	0.010	0.004	0.001	0.000
1991-02-27	Perennial Ryegrass	7.6	-1	0	1258.9	0.0	1187.1	0.0	71.60	0.17	1187.10	72	857.87	401.00	863.53	420.36	0.0	0.022	0.019	0.010	0.004	0.001	0.000
1991-02-28	Perennial Ryegrass	7.6	-1	0	1252.2	0.0	1175.8	0.0	76.24	0.18	1175.82	76	852.21	400.02	856.04	417.23	0.0	0.022	0.019	0.010	0.004	0.001	0.000
1991-03-01	Perennial Ryegrass	7.6	-1	0	1246.3	0.0	1166.2	0.0	79.92	0.19	1166.17	80	847.15	399.13	849.57	414.32	0.0	0.022	0.019	0.010	0.004	0.001	0.000
1991-03-02	Perennial Ryegrass	7.6	-1	0	1245.9	0.0	1162.6	0.0	83.11	0.20	1162.63	83	846.82	399.12	847.15	412.84	0.0	0.022	0.019	0.010	0.004	0.001	0.000
1991-03-03	Perennial Ryegrass	7.6	-1	0	1241.6	0.0	1154.1	0.0	87.33	0.21	1154.10	88	843.16	398.47	844.57	410.41	0.0	0.022	0.019	0.010	0.004	0.001	0.000
1991-03-04	Perennial Ryegrass	7.6	-1	0	1235.7	0.0	1143.2	0.0	92.30	0.22	1143.22	93	838.18	397.56	839.51	407.58	0.0	0.021	0.019	0.010	0.004	0.001	0.000
1991-03-05	Perennial Ryegrass	7.6	-1	0	1227.1	0.0	1128.7	0.0	98.16	0.23	1128.69	98	830.89	396.18	832.16	404.05	0.0	0.021	0.019	0.010	0.003	0.001	0.000
1991-03-06	Perennial Ryegrass	7.6	-1	0	1212.7	0.0	1106.5	0.0	105.97	0.25	1106.52	106	818.92	393.81	820.59	399.06	0.0	0.021	0.019	0.009	0.003	0.001	0.000
1991-03-07	Perennial Ryegrass	7.6	-1	0	1196.6	0.0	1081.1	0.0	115.25	0.26	1081.12	116	805.61	391.03	805.82	393.55	0.0	0.021	0.018	0.009	0.003	0.001	0.000
1991-03-08	Perennial Ryegrass	7.6	-1	0	1181.1	0.0	1055.0	0.0	125.77	0.29	1055.04	126	792.86	388.24	790.75	388.10	0.0	0.020	0.018	0.009	0.003	0.001	0.000
1991-03-09	Perennial Ryegrass	7.6	-1	0	1168.8	0.0	1032.6	0.0	135.61	0.56	1032.62	136	782.85	385.95	777.30	383.46	0.0	0.020	0.018	0.009	0.003	0.001	0.000
1991-03-10	Perennial Ryegrass	7.6	-1	0	1161.9	0.0	1017.7	0.0	143.87	0.34	1017.72	144	777.21	384.71	767.70	380.38	0.0	0.020	0.018	0.009	0.003	0.001	0.000
1991-03-11	Perennial Ryegrass	7.6	-1	0	1154.5	0.0	1001.7	0.0	152.47	0.36	1001.67	153	771.21	383.29	760.81	377.08	0.0	0.020	0.017	0.009	0.003	0.001	0.000
1991-03-12	Perennial Ryegrass	7.6	-1	0	1152.1	0.0	991.9	0.0	159.75	0.38	991.92	160	769.18	382.88	755.95	375.20	0.0	0.020	0.017	0.009	0.003	0.001	0.000
1991-03-13	Perennial Ryegrass	7.6	-1	0	1149.5	0.0	982.8	0.0	166.23	0.40	982.82	167	767.02	382.43	753.12	373.31	0.0	0.020	0.017	0.009	0.003	0.001	0.000
1991-03-14	Perennial Ryegrass	7.6	-1	0	1144.0	0.0	969.5	0.0	172.70	1.85	969.50	175	762.66	381.38	749.47	370.65	0.0	0.019	0.017	0.009	0.003	0.001	0.000
1991-03-15	Perennial Ryegrass	7.6	-1	0	1135.6	0.0	954.4	0.0	180.07	1.11	954.42	181	755.62	379.97	741.81	367.53	0.0	0.019	0.017	0.009	0.003	0.001	0.000
1991-03-16	Perennial Ryegrass	7.6	-1	0	1127.2	0.0	938.8	0.0	187.96	0.45	938.77	188	748.82	378.36	733.74	364.21	0.0	0.019	0.017	0.009	0.003	0.001	0.000
1991-03-17	Perennial Ryegrass	7.6	-1	0	1118.8	0.0	921.8	0.0	196.51	0.47	921.84	197	742.23	376.58	726.03	360.69	0.0	0.019	0.017	0.009	0.003	0.001	0.000
1991-03-18	Perennial Ryegrass	7.6	-1	0	1109.2	0.0	903.0	0.0	205.71	0.49	902.97	206	734.71	374.46	717.35	356.78	0.0	0.019	0.017	0.008	0.003	0.001	0.000
1991-03-19	Perennial Ryegrass	7.6	-1	0	1098.3	0.0	881.8	0.0	216.01	0.51	881.77	217	726.30	371.98	707.68	352.47	0.0	0.019	0.016	0.008	0.003	0.001	0.000
1991-03-20	Perennial Ryegrass	7.6	-1	0	1090.6	0.0	865.0	0.0	225.10	0.54	865.01	226	720.41	370.24	698.25	349.12	0.0	0.018	0.016	0.008	0.003	0.001	0.000
1991-03-21	Perennial Ryegrass	7.6	-1	0	1082.6	0.0	848.7	0.0	233.39	0.56	848.67	234	714.26	368.36	690.18	345.66	0.0	0.018	0.016	0.008	0.003	0.001	0.000
1991-03-22	Perennial Ryegrass	7.6	-1	0	1079.1	0.0	841.7	0.0	236.74	0.58	841.73	237	711.44	367.61	682.32	343.63	0.0	0.018	0.016	0.008	0.003	0.001	0.000
1991-03-23	Perennial Ryegrass	7.6	-1	0	1074.2	0.0	830.3	0.0	243.24	0.59	830.34	244	707.66	366.52	679.59	341.22	0.0	0.018	0.016	0.008	0.003	0.001	0.000
1991-03-24	Perennial Ryegrass	7.6	-1	0	1072.1	0.0	823.0	0.0	248.51	0.61	823.00	249	705.95	366.16	675.66	339.73	0.0	0.018	0.016	0.008	0.003	0.001	0.000
1991-03-25	Perennial Ryegrass	7.6	-1	0	1067.7	0.0	811.9	0.0	255.19	0.62	811.88	256	702.52	365.17	673.09	337.49	0.0	0.018	0.016	0.008	0.003	0.001	0.000
1991-03-26	Perennial Ryegrass	7.6	-1	0	1063.0	0.0	800.4	0.0	261.94	0.64	800.40	263	698.90	364.08	668.64	335.16	0.0	0.018	0.016	0.008	0.003	0.001	0.000
1991-03-27	Perennial Ryegrass	7.6	-1	0	1056.3	0.0	786.8	0.0	268.78	0.65	786.82	269	693.85	362.41	663.04	332.17	0.0	0.017	0.015	0.008	0.003	0.001	0.000
1991-03-28	Perennial Ryegrass	7.6	-1	0	1052.4	0.0	776.8	0.0	274.91	0.67	776.78	276	690.84	361.52	657.46	330.12	0.0	0.017	0.015	0.008	0.003	0.001	0.000
1991-03-29	Perennial Ryegrass	7.6	-1	0	1046.1	0.0	763.3	0.0	264.85	17.96	763.25	283	686.14	359.92	653.03	327.27	0.0	0.017	0.015	0.008	0.003	0.001	0.000
1991-03-30	Perennial Ryegrass	7.6	-1	0	1036.9	0.0	765.4	0.0	260.81	10.75	765.35	272	674.47	362.45	635.82	322.30	0.0	0.017	0.015	0.008	0.003	0.001	0.000
1991-03-31	Perennial Ryegrass	7.6	-1	0	1037.4	0.0	770.2	0.0	266.50	0.65	770.24	267	671.69	365.71	634.84	325.66	0.0	0.018	0.015	0.008	0.003	0.001	0.000
1991-04-01	Perennial Ryegrass	7.6	-1	0	1045.3	0.0	772.7	0.0	267.33	5.28	772.72	273	677.11	368.21	644.04	328.00	0.0	0.018	0.015	0.008	0.003	0.001	0.000
1991-04-02	Perennial Ryegrass	7.6	-1	0	1049.6	0.0	778.6	0.0	270.31	0.67	778.61	271	678.59	370.99	646.53	330.70	0.0	0.018	0.015	0.008	0.003	0.001	0.000
1991-04-03	Perennial Ryegrass	7.6	-1	0	1054.1	0.0	780.0	0.0	273.45	0.68	780.01	274	681.60	372.54	653.42	331.78	0.0	0.018	0.015	0.007	0.003	0.001	0.000
1991-04-04	Perennial Ryegrass	7.6	-1	0	1056.8	0.0	778.3	0.0	277.75	0.68	778.34	278	683.24	373.54	657.63	332.12	0.0	0.018	0.015	0.007	0.003	0.001	0.000
1991-04-05	Perennial Ryegrass	7.6	-1	0	1058.9	0.0	776.2	0.0	281.98	0.69	776.21	283	684.50	374.39	659.98	332.27	0.0	0.019	0.015	0.007	0.003	0.001	0.000
1991-04-06	Perennial Ryegrass	7.6	-1	0	1058.4	0.0	770.8	0.0	286.83	0.70	770.83	288	683.87	374.49	661.14	331.41	0.0	0.019	0.015	0.007	0.003	0.001	0.000
1991-04-07	Perennial Ryegrass	7.6	-1	0	1059.4	0.0	768.8	0.0	289.88	0.72	768.83	291	684.37	375.05	660.46	331.16	0.0	0.019	0.015	0.007	0.003	0.001	0.000
1991-04-08	Perennial Ryegrass	7.6	-1	0	1060.9	0.0	767.6	0.0	292.53	0.72	767.63	293	685.16	375.73	661.51	331.07	0.0	0.019	0.015	0.007	0.003	0.001	0.000
1991-04-09	Perennial Ryegrass	7.6	-1	0	1061.7	0.0	766.0	0.0	294.97	0.73	765.98	296	685.46	376.22	662.55	330.75	0.0	0.019	0.015	0.007	0.003	0.001	0.000
1991-04-10	Perennial Ryegrass	7.6	-1	0	1061.0	0.0	763.2	0.0	297.08	0.74	763.21	298	684.72	376.30	662.47	329.90	0.0	0.019	0.015	0.007	0.003	0.001	0.000
1991-04-11	Perennial Ryegrass	7.6	-1	0	1058.5	0.0	758.5	0.0	298.06	1.91	758.51	300	682.64	375.84	660.94	328.39	0.0	0.018	0.015	0.007	0.003	0.001	0.000
1991-04-12	Perennial Ryegrass	7.6	-1	0	1053.9	0.0	752.8	0.0	300.30	0.74	752.82	301	678.74	375.12	656.87	326.57	0.0	0.018	0.015	0.007	0.003	0.001	0.000
1991-04-13	Perennial Ryegrass	7.6	-1	0	1048.2	0.0	744.4	0.0	303.07	0.75	744.36	304	674.44	373.74	652.67	323.96	0.0	0.018	0.015	0.007	0.003	0.001	0.000
1991-04-14	Perennial Ryegrass	7.6	-1	0	1042.9	0.0	737.2	0.0	296.37	9.27	737.22	306	670.41	372.44	646.70	321.50	0.0	0.018	0.014	0.007	0.003	0.001	0.000
1991-04-15	Perennial Ryegrass	7.6	-1	0	1043.1	0.0	743.8	0.0	298.60	0.74	743.80	299	667.95	375.19	639.57	317.11	0.0	0.018	0.014	0.007	0.003	0.001	0.000
1991-04-16	Perennial Ryegrass	7.6	-1	0	1045.4	0.0	744.7	0.0	299.96	0.75	744.68	301	669.29	376.10	644.91	317.42	0.0	0.018	0.014	0.007	0.003	0.001	0.000
1991-04-17	Perennial Ryegrass	7.6	-1	0	1043.3	0.0	740.5	0.0	302.05	0.75	740.54	303	667.56	375.77	645.56	316.17	0.0	0.018	0.014	0.007	0.003	0.001	0.000
1991-04-18	Perennial Ryegrass	7.6	-1	0	1041.0	0.0	736.4	0.0	303.86	0.75	736.42	305	665.66	375.37	643.26	314.84	0.0	0.018	0.014	0.007	0.003	0.001	0.000
1991-04-19	Perennial Ryegrass	7.6	-1	0	1035.2	0.0	728.2	0.0	306.20	0.76	728.23	307	661.29	373.90	639.63	312.29	0.0	0.018	0.014	0.007	0.003	0.001	0.000
1991-04-20	Perennial Ryegrass	7.6	-1	0	1032.8	0.0	724.3	0.0	307.78	0.76	724.29	309	659.36	373.47	635.00	310.96	0.0	0.018	0.014	0.007	0.003	0.001	0.000
1991-04-21	Perennial Ryegrass	7.6	-1	0	1026.7	0.0	715.8	0.0	310.09	0.77	715.81	311	654.80	371.87	631.35	308.31	0.0	0.018	0.014	0.007	0.003	0.001	0.000
1991-04-22	Perennial Ryegrass	7.6	-1	0	1025.5	0.0	713.9	0.0	310.83	0.77	713.87	312	653.67	371.81	626.56	307.42	0.0	0.018	0.014	0.007	0.002	0.001	0.000
1991-04-23	Perennial Ryegrass	7.6	-1	0	1022.0	0.0	708.3	0.0	312.91	0.78	708.35	314	651.01	371.03	625.13	305.75	0.0	0.017	0.014	0.007	0.002	0.001	0.000
1991-04-24	Perennial Ryegrass	7.6	-1	0	1017.9	0.0	702.5	0.0	314.56	0.78	702.53	315	647.85	370.01	621.15	303.84	0.0	0.017	0.014	0.007	0.002	0.001	0.000
1991-04-25	Perennial Ryegrass	7.6	-1	0	1013.6	0.0	696.6	0.0	301.43	15.61	696.57	317	644.66	368.95	617.00	301.90	0.0	0.017	0.013	0.007	0.002	0.001	0.000
1991-04-26	Perennial Ryegrass	7.6	-1	0	998.7	0.0	695.3	0.0	292.51	10.86	695.34	303	629.54	369.17	599.42	301.48	0.0	0.017	0.013	0.007	0.002	0.001	0.000
1991-04-27	Perennial Ryegrass	7.6	-1	0	1006.4	0.0	711.1	0.0	294.28	1.02	711.14	295	632.03	374.41	597.35	301.23	0.0	0.017	0.013	0.007	0.002	0.001	0.000
1991-04-28	Perennial Ryegrass	7.6	-1	0	1024.2	0.0	727.8	0.0	295.74	0.73	727.77	296	644.41	379.83	614.89	301.23	0.0	0.018	0.013	0.006	0.002	0.001	0.000
1991-04-29	Perennial Ryegrass	7.6	-1	0	1039.6	0.0	741.5	0.0	297.32	0.74	741.55	298	655.12	384.48	632.03	300.28	0.0	0.018	0.013	0.006	0.002	0.001	0.000
1991-04-30	Perennial Ryegrass	7.6	-1	0	1043.0	0.0	743.6	0.0	298.67	0.74	743.56	299	657.26	385.71	641.89	301.23	0.0	0.018	0.013	0.006	0.002	0.001	0.000
1991-05-01	Perennial Ryegrass	7.6	-1	0	1048.5	0.0	747.4	0.0	300.40	0.74	747.38	301	660.96	387.56	646.47	303.04	0.0	0.018	0.013	0.006	0.002	0.001	0.000
1991-05-02	Perennial Ryegrass	7.6	-1	0	1054.3	0.0	751.9	0.0	301.62	0.75	751.94	302	664.83	389.48	651.87	304.94	0.0	0.018	0.013	0.006	0.002	0.001	0.000
1991-05-03	Perennial Ryegrass	7.6	-1	0	1059.2	0.0	756.7	0.0	301.76	0.75	756.73	303	668.09	391.15	656.69	306.51	0.0	0.019	0.013	0.006	0.002	0.001	0.000
1991-05-04	Perennial Ryegrass	7.6	-1	0	1061.8	0.0	759.0	0.0	302.08	0.75	758.99	303	669.66	392.16	660.63	307.17	0.0	0.019	0.013	0.006	0.002	0.001	0.000
1991-05-05	Perennial Ryegrass	7.6	-1	0	1063.2	0.0	759.8	0.0	302.66	0.75	759.76	303	670.36	392.82	662.77	307.33	0.0	0.019	0.013	0.006	0.002	0.001	0.000
1991-05-06	Perennial Ryegrass	7.6	-1	0	1063.5	0.0	759.4	0.0	303.34	0.75	759.39	304	670.31	393.18	663.68	307.09	0.0	0.019	0.013	0.006	0.002	0.001	0.000
1991-05-07	Perennial Ryegrass	7.6	-1	0	1061.3	0.0	756.0	0.0	304.50	0.76	756.01	305	668.43	392.83	663.05	305.90	0.0	0.019	0.013	0.006	0.002	0.001	0.000
1991-05-08	Perennial Ryegrass	7.6	-1	0	1059.3	0.0	753.2	0.0	299.69	6.51	753.15	306	666.78	392.57	660.86	304.81	0.0	0.019	0.013	0.006	0.002	0.001	0.000
1991-05-09	Perennial Ryegrass	7.6	-1	0	1054.7	0.0	754.2	0.0	296.95	3.59	754.16	301	661.56	393.13	654.16	304.89	0.0	0.019	0.013	0.006	0.002	0.001	0.000
1991-05-10	Perennial Ryegrass	7.6	-1	0	1056.9	0.0	759.2	0.0	297.03	0.74	759.17	298	662.09	394.84	654.28	306.55	0.0	0.019	0.013	0.006	0.002	0.001	0.000
1991-05-11	Perennial Ryegrass	7.6	-1	0	1059.1	0.0	761.5	0.0	296.89	0.74	761.47	298	663.38	395.73	657.89	307.07	0.0	0.019	0.013	0.006	0.002	0.001	0.000
1991-05-12	Perennial Ryegrass	7.6	-1	0	1058.4	0.0	760.7	0.0	296.92	0.74	760.70	298	662.58	395.78	658.77	306.43	0.0	0.019	0.013	0.006	0.002	0.001	0.000
1991-05-13	Perennial Ryegrass	7.6	-1	0	1058.5	0.0	760.7	0.0	297.03	0.74	760.70	298	662.39	396.08	658.46	306.14	0.0	0.019	0.013	0.006	0.002	0.001	0.000
1991-05-14	Perennial Ryegrass	7.6	-1	0	1057.1	0.0	759.2	0.0	297.13	0.74	759.19	298	661.11	395.95	657.85	305.27	0.0	0.019	0.013	0.006	0.002	0.001	0.000
1991-05-15	Perennial Ryegrass	7.6	-1	0	1055.0	0.0	756.8	0.0	297.40	0.74	756.82	298	659.33	395.63	656.21	304.17	0.0	0.019	0.013	0.006	0.002	0.001	0.000
1991-05-16	Perennial Ryegrass	7.6	-1	0	1052.3	0.0	754.0	0.0	297.55	0.74	754.05	298	657.18	395.16	653.81	302.90	0.0	0.019	0.013	0.006	0.002	0.001	0.000
1991-05-17	Perennial Ryegrass	7.6	-1	0	1051.6	0.0	753.1	0.0	297.74	0.74	753.11	298	656.38	395.21	652.09	302.28	0.0	0.019	0.013	0.006	0.002	0.001	0.000
1991-05-18	Perennial Ryegrass	7.6	-1	0	1050.7	0.0	752.1	0.0	297.91	0.74	752.07	299	655.49	395.23	651.27	301.62	0.0	0.019	0.013	0.006	0.002	0.001	0.000
1991-05-19	Perennial Ryegrass	7.6	-1	0	1047.7	0.0	748.6	0.0	298.29	0.74	748.64	299	653.03	394.64	649.49	300.22	0.0	0.019	0.013	0.006	0.002	0.001	0.000
1991-05-20	Perennial Ryegrass	7.6	-1	0	1044.2	0.0	744.7	0.0	286.67	12.80	744.68	299	650.24	393.91	646.27	298.66	0.0	0.019	0.013	0.006	0.002	0.001	0.000
1991-05-21	Perennial Ryegrass	7.6	-1	0	1037.6	0.0	749.6	0.0	266.01	21.95	749.61	288	641.89	395.69	634.93	299.91	0.0	0.019	0.013	0.006	0.002	0.001	0.000
1991-05-22	Perennial Ryegrass	7.6	-1	0	1030.8	0.0	763.0	0.0	251.14	16.61	763.03	268	630.77	400.01	623.62	305.31	0.0	0.019	0.013	0.006	0.002	0.001	0.000
1991-05-23	Perennial Ryegrass	7.6	-1	0	1030.1	0.0	777.7	0.0	251.75	0.63	777.75	252	625.51	404.61	622.40	310.98	0.0	0.020	0.013	0.006	0.002	0.001	0.000
1991-05-24	Perennial Ryegrass	7.6	-1	0	1051.1	0.0	798.3	0.0	252.21	0.63	798.28	253	640.20	410.91	640.55	319.00	0.0	0.020	0.014	0.006	0.002	0.001	0.000
1991-05-25	Perennial Ryegrass	7.6	-1	0	1063.2	0.0	809.9	0.0	252.70	0.63	809.85	253	648.53	414.65	657.39	323.42	0.0	0.021	0.014	0.006	0.002	0.001	0.000
1991-05-26	Perennial Ryegrass	7.6	-1	0	1075.6	0.0	821.7	0.0	253.26	0.63	821.68	254	657.09	418.48	669.73	327.96	0.0	0.021	0.014	0.006	0.002	0.001	0.000
1991-05-27	Perennial Ryegrass	7.6	-1	0	1091.7	0.0	837.7	0.0	253.41	0.63	837.66	254	668.30	423.40	683.92	334.00	0.0	0.022	0.014	0.006	0.002	0.001	0.000
1991-05-28	Perennial Ryegrass	7.6	-1	0	1104.6	0.0	850.2	0.0	253.73	0.63	850.24	254	677.20	427.40	698.60	338.73	0.0	0.022	0.014	0.006	0.002	0.001	0.000
1991-05-29	Perennial Ryegrass	7.6	-1	0	1116.0	0.0	861.2	0.0	253.91	0.88	861.17	255	685.00	430.96	710.82	342.85	0.0	0.022	0.015	0.007	0.002	0.001	0.000
1991-05-30	Perennial Ryegrass	7.6	-1	0	1125.2	0.0	870.4	0.0	254.13	0.63	870.45	255	691.23	433.98	720.90	346.21	0.0	0.023	0.015	0.007	0.002	0.001	0.000
1991-05-31	Perennial Ryegrass	7.6	-1	0	1133.5	0.0	879.0	0.0	253.88	0.63	878.98	255	696.85	436.64	729.57	349.08	0.0	0.023	0.015	0.007	0.002	0.001	0.000
1991-06-01	Perennial Ryegrass	7.6	-1	0	1141.1	0.0	886.9	0.0	253.56	0.63	886.91	254	701.99	439.11	737.50	351.69	0.0	0.023	0.015	0.007	0.002	0.001	0.000
1991-06-02	Perennial Ryegrass	7.6	-1	0	1147.6	0.0	893.3	0.0	253.68	0.63	893.29	254	706.35	441.26	744.73	353.85	0.0	0.023	0.015	0.007	0.002	0.001	0.000
1991-06-03	Perennial Ryegrass	7.6	-1	0	1153.8	0.0	899.1	0.0	253.63	1.13	899.08	255	710.52	443.33	751.26	355.90	0.0	0.023	0.015	0.007	0.002	0.001	0.000
1991-06-04	Perennial Ryegrass	7.6	-1	0	1159.2	0.0	905.1	0.0	253.50	0.63	905.06	254	713.91	445.29	756.53	357.79	0.0	0.024	0.015	0.007	0.002	0.001	0.000
1991-06-05	Perennial Ryegrass	7.6	-1	0	1164.4	0.0	910.6	0.0	253.22	0.63	910.60	254	717.38	447.07	762.00	359.45	0.0	0.024	0.015	0.007	0.002	0.001	0.000
1991-06-06	Perennial Ryegrass	7.6	-1	0	1169.5	0.0	915.6	0.0	245.83	8.08	915.62	254	720.72	448.81	767.33	361.03	0.0	0.024	0.015	0.007	0.002	0.001	0.000
1991-06-07	Perennial Ryegrass	7.6	-1	0	1167.4	0.0	920.6	0.0	224.08	22.72	920.65	247	716.84	450.61	765.25	362.73	0.0	0.024	0.015	0.007	0.002	0.001	0.000
1991-06-08	Perennial Ryegrass	7.6	-1	0	1151.9	0.0	926.8	0.0	215.03	10.00	926.82	225	699.17	452.69	749.17	364.87	0.0	0.024	0.015	0.007	0.002	0.001	0.000
1991-06-09	Perennial Ryegrass	7.6	-1	0	1153.5	0.0	937.5	0.0	202.15	13.84	937.49	216	697.33	456.15	748.87	368.83	0.0	0.024	0.016	0.007	0.002	0.001	0.000
1991-06-10	Perennial Ryegrass	7.6	-1	0	1145.9	0.0	943.1	0.0	190.51	12.37	943.06	203	687.92	458.02	743.56	370.62	0.0	0.025	0.016	0.007	0.002	0.001	0.000
1991-06-11	Perennial Ryegrass	7.6	-1	0	1141.1	0.0	949.8	0.0	176.96	14.33	949.85	191	680.87	460.27	738.25	372.92	0.0	0.025	0.016	0.007	0.002	0.001	0.000
1991-06-12	Perennial Ryegrass	7.6	-1	0	1135.9	0.0	958.5	0.0	161.63	15.77	958.46	177	672.90	462.96	732.23	375.84	0.0	0.025	0.016	0.007	0.002	0.001	0.000
1991-06-13	Perennial Ryegrass	7.6	-1	0	1135.2	0.0	972.9	0.0	161.86	0.40	972.95	162	667.75	467.46	729.16	381.21	0.0	0.025	0.016	0.007	0.002	0.001	0.000
1991-06-14	Perennial Ryegrass	7.6	-1	0	1146.9	0.0	984.5	0.0	162.01	0.40	984.52	162	675.79	471.13	742.17	385.36	0.0	0.026	0.016	0.007	0.002	0.001	0.000
1991-06-15	Perennial Ryegrass	7.6	-1	0	1156.6	0.0	994.3	0.0	161.98	0.40	994.27	162	682.44	474.21	752.69	388.70	0.0	0.026	0.016	0.007	0.002	0.001	0.000
1991-06-16	Perennial Ryegrass	7.6	-1	0	1166.8	0.0	1004.2	0.0	162.19	0.40	1004.23	163	689.39	477.44	762.82	392.21	0.0	0.026	0.016	0.007	0.002	0.001	0.000
1991-06-17	Perennial Ryegrass	7.6	-1	0	1175.0	0.0	1012.2	0.0	162.35	0.40	1012.23	163	694.93	480.05	771.80	394.90	0.0	0.026	0.017	0.007	0.003	0.001	0.000
1991-06-18	Perennial Ryegrass	7.6	-1	0	1181.8	0.0	1019.3	0.0	162.07	0.40	1019.30	162	699.52	482.26	778.98	397.03	0.0	0.027	0.017	0.007	0.003	0.001	0.000
1991-06-19	Perennial Ryegrass	7.6	-1	0	1187.5	0.0	1025.4	0.0	161.67	0.40	1025.39	162	703.33	484.14	785.08	398.72	0.0	0.027	0.017	0.007	0.003	0.001	0.000
1991-06-20	Perennial Ryegrass	7.6	-1	0	1193.0	0.0	1031.0	0.0	161.54	0.40	1031.01	162	707.00	485.95	790.76	400.34	0.0	0.027	0.017	0.007	0.003	0.001	0.000
1991-06-21	Perennial Ryegrass	7.6	-1	0	1198.3	0.0	1036.3	0.0	161.58	0.40	1036.27	162	710.54	487.71	796.22	401.88	0.0	0.027	0.017	0.007	0.003	0.001	0.000
1991-06-22	Perennial Ryegrass	7.6	-1	0	1203.1	0.0	1041.3	0.0	161.33	0.40	1041.33	162	713.74	489.32	801.11	403.22	0.0	0.027	0.017	0.007	0.003	0.001	0.000
1991-06-23	Perennial Ryegrass	7.6	-1	0	1211.3	0.0	1050.0	0.0	157.97	3.31	1050.02	161	719.22	492.09	807.97	405.75	0.0	0.027	0.017	0.007	0.003	0.001	0.000
1991-06-24	Perennial Ryegrass	7.6	-1	0	1217.0	0.0	1059.0	0.0	157.59	0.39	1058.98	158	722.01	494.96	813.55	408.41	0.0	0.028	0.017	0.007	0.003	0.001	0.000
1991-06-25	Perennial Ryegrass	7.6	-1	0	1229.0	0.0	1071.3	0.0	157.33	0.39	1071.27	158	730.05	498.95	824.36	412.37	0.0	0.028	0.017	0.008	0.003	0.001	0.000
1991-06-26	Perennial Ryegrass	7.6	-1	0	1241.4	0.0	1083.8	0.0	157.17	0.39	1083.81	158	738.28	503.09	836.69	416.20	0.0	0.028	0.017	0.008	0.003	0.001	0.000
1991-06-27	Perennial Ryegrass	7.6	-1	0	1248.6	0.0	1091.4	0.0	156.77	0.39	1091.41	157	742.99	505.58	845.76	417.91	0.0	0.028	0.017	0.008	0.003	0.001	0.000
1991-06-28	Perennial Ryegrass	7.6	-1	0	1256.6	0.0	1099.8	0.0	151.65	5.22	1099.76	157	748.29	508.35	853.57	420.09	0.0	0.028	0.017	0.008	0.003	0.001	0.000
1991-06-29	Perennial Ryegrass	7.6	-1	0	1260.0	0.0	1108.2	0.0	147.50	4.29	1108.18	152	748.83	511.14	856.91	422.33	0.0	0.029	0.017	0.008	0.003	0.001	0.000
1991-06-30	Perennial Ryegrass	7.6	-1	0	1265.7	0.0	1117.9	0.0	147.13	0.66	1117.89	148	751.27	514.42	862.18	425.17	0.0	0.029	0.018	0.008	0.003	0.001	0.000
1991-07-01	Perennial Ryegrass	7.6	-1	0	1271.9	0.0	1124.7	0.0	146.85	0.37	1124.72	147	755.22	516.71	869.49	426.47	0.0	0.029	0.018	0.008	0.003	0.001	0.000
1991-07-02	Perennial Ryegrass	7.6	-1	0	1278.0	0.0	1131.0	0.0	146.59	0.37	1131.01	147	759.12	518.85	875.73	427.99	0.0	0.029	0.018	0.008	0.003	0.001	0.000
1991-07-03	Perennial Ryegrass	7.6	-1	0	1285.8	0.0	1138.8	0.0	146.26	0.65	1138.84	147	764.19	521.56	882.98	430.22	0.0	0.029	0.018	0.008	0.003	0.001	0.000
1991-07-04	Perennial Ryegrass	7.6	-1	0	1291.8	0.0	1145.4	0.0	140.15	6.27	1145.38	146	767.98	523.81	889.49	431.64	0.0	0.029	0.018	0.008	0.003	0.001	0.000
1991-07-05	Perennial Ryegrass	7.6	-1	0	1292.9	0.0	1152.5	0.0	138.30	2.05	1152.52	140	766.62	526.24	890.37	433.51	0.0	0.030	0.018	0.008	0.003	0.001	0.000
1991-07-06	Perennial Ryegrass	7.6	-1	0	1298.1	0.0	1159.5	0.0	137.98	0.62	1159.52	139	769.42	528.70	895.69	435.39	0.0	0.030	0.018	0.008	0.003	0.001	0.000
1991-07-07	Perennial Ryegrass	7.6	-1	0	1302.8	0.0	1164.8	0.0	137.66	0.34	1164.78	138	772.29	530.49	900.97	436.36	0.0	0.030	0.018	0.008	0.003	0.001	0.000
1991-07-08	Perennial Ryegrass	7.6	-1	0	1307.0	0.0	1169.3	0.0	127.68	9.99	1169.28	138	774.93	532.03	905.41	437.22	0.0	0.030	0.018	0.008	0.003	0.001	0.000
1991-07-09	Perennial Ryegrass	7.6	-1	0	1301.9	0.0	1174.0	0.0	118.16	9.79	1173.98	128	768.26	533.67	900.32	438.24	0.0	0.030	0.018	0.008	0.003	0.001	0.000
1991-07-10	Perennial Ryegrass	7.6	-1	0	1296.2	0.0	1177.7	0.0	106.61	11.88	1177.72	118	761.20	535.02	894.94	438.93	0.0	0.030	0.018	0.008	0.003	0.001	0.000
1991-07-11	Perennial Ryegrass	7.6	-1	0	1288.7	0.0	1181.7	0.0	97.64	9.37	1181.69	107	752.25	536.44	887.34	439.72	0.0	0.030	0.018	0.008	0.003	0.001	0.000
1991-07-12	Perennial Ryegrass	7.6	-1	0	1286.1	0.0	1188.0	0.0	92.88	5.22	1187.96	98	747.38	538.69	883.94	441.38	0.0	0.030	0.018	0.008	0.003	0.001	0.000
1991-07-13	Perennial Ryegrass	7.6	-1	0	1287.0	0.0	1194.0	0.0	92.22	0.77	1194.03	93	746.24	540.77	884.97	442.47	0.0	0.030	0.018	0.008	0.003	0.001	0.000
1991-07-14	Perennial Ryegrass	7.6	-1	0	1293.0	0.0	1200.5	0.0	90.25	2.25	1200.50	93	749.92	543.09	890.84	444.14	0.0	0.030	0.018	0.008	0.003	0.001	0.000
1991-07-15	Perennial Ryegrass	7.6	-1	0	1296.5	0.0	1206.0	0.0	90.29	0.22	1206.02	91	751.47	545.06	894.69	445.43	0.0	0.031	0.018	0.008	0.003	0.001	0.000
1991-07-16	Perennial Ryegrass	7.6	-1	0	1301.0	0.0	1210.6	0.0	90.08	0.40	1210.56	90	754.35	546.70	899.54	446.35	0.0	0.031	0.018	0.008	0.003	0.001	0.000
1991-07-17	Perennial Ryegrass	7.6	-1	0	1303.7	0.0	1213.7	0.0	89.79	0.22	1213.72	90	755.97	547.78	902.70	446.66	0.0	0.031	0.018	0.008	0.003	0.001	0.000
1991-07-18	Perennial Ryegrass	7.6	-1	0	1306.4	0.0	1216.6	0.0	89.60	0.22	1216.63	90	757.65	548.80	905.49	446.91	0.0	0.031	0.018	0.008	0.003	0.001	0.000
1991-07-19	Perennial Ryegrass	7.6	-1	0	1310.8	0.0	1220.8	0.0	89.78	0.22	1220.78	90	760.41	550.37	909.42	447.77	0.0	0.031	0.018	0.008	0.003	0.001	0.000
1991-07-20	Perennial Ryegrass	7.6	-1	0	1315.9	0.0	1225.5	0.0	90.18	0.22	1225.53	90	763.69	552.24	914.37	448.91	0.0	0.031	0.018	0.008	0.003	0.001	0.000
1991-07-21	Perennial Ryegrass	7.6	-1	0	1319.0	0.0	1228.6	0.0	90.14	0.22	1228.64	90	765.61	553.39	917.99	449.28	0.0	0.031	0.018	0.008	0.003	0.001	0.000
1991-07-22	Perennial Ryegrass	7.6	-1	0	1321.8	0.0	1231.4	0.0	89.55	0.91	1231.38	90	767.37	554.47	920.95	449.57	0.0	0.031	0.018	0.008	0.003	0.001	0.000
1991-07-23	Perennial Ryegrass	7.6	-1	0	1323.4	0.0	1233.8	0.0	89.36	0.22	1233.78	90	768.04	555.32	922.58	449.63	0.0	0.031	0.018	0.008	0.003	0.001	0.000
1991-07-24	Perennial Ryegrass	7.6	-1	0	1325.9	0.0	1236.4	0.0	89.27	0.22	1236.38	89	769.59	556.29	925.03	449.81	0.0	0.031	0.018	0.008	0.003	0.001	0.000
1991-07-25	Perennial Ryegrass	7.6	-1	0	1328.8	0.0	1239.2	0.0	89.34	0.22	1239.21	90	771.38	557.38	927.85	450.13	0.0	0.031	0.018	0.008	0.003	0.001	0.000
1991-07-26	Perennial Ryegrass	7.6	-1	0	1330.2	0.0	1241.0	0.0	89.05	0.22	1240.97	89	772.25	557.99	929.67	449.94	0.0	0.031	0.018	0.008	0.003	0.001	0.000
1991-07-27	Perennial Ryegrass	7.6	-1	0	1331.7	0.0	1242.7	0.0	88.26	0.73	1242.67	89	773.09	558.58	931.11	449.74	0.0	0.031	0.018	0.008	0.003	0.001	0.000
1991-07-28	Perennial Ryegrass	7.6	-1	0	1333.7	0.0	1245.2	0.0	88.29	0.22	1245.20	89	774.15	559.56	932.89	449.95	0.0	0.031	0.018	0.008	0.003	0.001	0.000
1991-07-29	Perennial Ryegrass	7.6	-1	0	1337.8	0.0	1249.0	0.0	88.65	0.22	1248.96	89	776.75	561.08	936.62	450.74	0.0	0.031	0.018	0.008	0.003	0.001	0.000
1991-07-30	Perennial Ryegrass	7.6	-1	0	1341.9	0.0	1252.6	0.0	89.08	0.22	1252.60	89	779.31	562.60	940.74	451.50	0.0	0.031	0.018	0.008	0.003	0.001	0.000
1991-07-31	Perennial Ryegrass	7.6	-1	0	1343.9	0.0	1254.4	0.0	88.70	0.82	1254.43	90	780.54	563.41	943.36	451.51	0.0	0.031	0.018	0.008	0.003	0.001	0.000
1991-08-01	Perennial Ryegrass	7.6	-1	0	1347.5	0.0	1258.2	0.0	89.13	0.22	1258.17	89	782.56	564.96	946.33	452.28	0.0	0.031	0.018	0.008	0.003	0.001	0.000
1991-08-02	Perennial Ryegrass	7.6	-1	0	1350.2	0.0	1260.8	0.0	89.14	0.22	1260.84	89	784.20	566.00	949.35	452.51	0.0	0.031	0.018	0.008	0.003	0.001	0.000
1991-08-03	Perennial Ryegrass	7.6	-1	0	1353.4	0.0	1263.9	0.0	89.29	0.22	1263.89	90	786.17	567.22	952.43	452.91	0.0	0.031	0.018	0.008	0.003	0.001	0.000
1991-08-04	Perennial Ryegrass	7.6	-1	0	1359.2	0.0	1268.8	0.0	86.96	3.42	1268.84	90	789.84	569.38	957.65	454.25	0.0	0.031	0.018	0.008	0.003	0.001	0.000
1991-08-05	Perennial Ryegrass	7.6	-1	0	1360.2	0.0	1272.1	0.0	80.49	7.65	1272.07	88	789.28	570.93	959.20	454.98	0.0	0.031	0.018	0.008	0.003	0.001	0.000
1991-08-06	Perennial Ryegrass	7.6	-1	0	1362.7	0.0	1281.3	0.0	81.18	0.20	1281.27	81	788.17	574.48	959.76	456.46	0.0	0.032	0.018	0.008	0.003	0.001	0.000
1991-08-07	Perennial Ryegrass	7.6	-1	0	1370.5	0.0	1288.3	0.0	77.46	4.75	1288.32	82	793.12	577.41	968.33	457.22	0.0	0.032	0.018	0.008	0.003	0.001	0.000
1991-08-08	Perennial Ryegrass	7.6	-1	0	1370.1	0.0	1292.5	0.0	77.20	0.42	1292.51	78	791.19	578.94	968.83	457.88	0.0	0.032	0.018	0.008	0.003	0.001	0.000
1991-08-09	Perennial Ryegrass	7.6	-1	0	1373.9	0.0	1296.2	0.0	77.52	0.19	1296.20	78	793.44	580.47	972.77	458.49	0.0	0.032	0.019	0.008	0.003	0.001	0.000
1991-08-10	Perennial Ryegrass	7.6	-1	0	1377.1	0.0	1299.2	0.0	77.65	0.19	1299.21	78	795.36	581.70	976.12	458.79	0.0	0.032	0.019	0.008	0.003	0.001	0.000
1991-08-11	Perennial Ryegrass	7.6	-1	0	1380.1	0.0	1302.1	0.0	77.82	0.19	1302.11	78	797.22	582.90	979.23	459.08	0.0	0.032	0.019	0.008	0.003	0.001	0.000
1991-08-12	Perennial Ryegrass	7.6	-1	0	1384.2	0.0	1305.7	0.0	78.26	0.19	1305.72	78	799.72	584.46	983.07	459.70	0.0	0.032	0.019	0.008	0.003	0.001	0.000
1991-08-13	Perennial Ryegrass	7.6	-1	0	1389.2	0.0	1309.8	0.0	79.24	0.19	1309.78	79	802.83	586.39	987.97	460.65	0.0	0.032	0.019	0.008	0.003	0.001	0.000
1991-08-14	Perennial Ryegrass	7.6	-1	0	1393.4	0.0	1313.4	0.0	79.17	0.86	1313.40	80	805.41	588.02	992.33	461.29	0.0	0.032	0.019	0.008	0.003	0.001	0.000
1991-08-15	Perennial Ryegrass	7.6	-1	0	1397.3	0.0	1317.1	0.0	79.32	0.93	1317.10	80	807.56	589.79	996.22	462.05	0.0	0.032	0.019	0.008	0.003	0.001	0.000
1991-08-16	Perennial Ryegrass	7.6	-1	0	1398.9	0.0	1319.4	0.0	79.23	0.19	1319.45	79	808.17	590.70	998.16	462.02	0.0	0.032	0.019	0.008	0.003	0.001	0.000
1991-08-17	Perennial Ryegrass	7.6	-1	0	1400.5	0.0	1321.4	0.0	78.98	0.19	1321.37	79	809.14	591.41	999.96	461.80	0.0	0.032	0.019	0.008	0.003	0.001	0.000
1991-08-18	Perennial Ryegrass	7.6	-1	0	1403.3	0.0	1324.0	0.0	79.17	0.19	1323.98	79	810.81	592.53	1002.55	461.96	0.0	0.032	0.019	0.008	0.003	0.001	0.000
1991-08-19	Perennial Ryegrass	7.6	-1	0	1405.9	0.0	1326.4	0.0	79.31	0.19	1326.39	80	812.33	593.56	1005.16	462.03	0.0	0.032	0.019	0.008	0.003	0.001	0.000
1991-08-20	Perennial Ryegrass	7.6	-1	0	1410.2	0.0	1329.9	0.0	77.00	3.38	1329.85	80	814.97	595.26	1009.18	462.70	0.0	0.032	0.019	0.008	0.003	0.001	0.000
1991-08-21	Perennial Ryegrass	7.6	-1	0	1410.3	0.0	1332.7	0.0	76.91	0.69	1332.71	78	813.82	596.49	1009.45	463.00	0.0	0.032	0.019	0.008	0.003	0.001	0.000
1991-08-22	Perennial Ryegrass	7.6	-1	0	1414.0	0.0	1336.2	0.0	76.11	1.67	1336.22	78	815.86	598.13	1012.94	463.60	0.0	0.032	0.019	0.008	0.003	0.001	0.000
1991-08-23	Perennial Ryegrass	7.6	-1	0	1418.8	0.0	1341.1	0.0	75.15	2.62	1341.07	78	818.29	600.56	1017.39	464.89	0.0	0.032	0.019	0.008	0.003	0.001	0.000
1991-08-24	Perennial Ryegrass	7.6	-1	0	1419.8	0.0	1344.3	0.0	75.28	0.18	1344.33	75	817.94	601.86	1018.82	465.19	0.0	0.032	0.019	0.008	0.003	0.001	0.000
1991-08-25	Perennial Ryegrass	7.6	-1	0	1423.7	0.0	1347.6	0.0	75.87	0.18	1347.64	76	820.27	603.41	1022.70	465.65	0.0	0.032	0.019	0.008	0.003	0.001	0.000
1991-08-26	Perennial Ryegrass	7.6	-1	0	1426.8	0.0	1350.5	0.0	76.10	0.18	1350.49	76	822.10	604.66	1025.92	465.85	0.0	0.032	0.019	0.008	0.003	0.001	0.000
1991-08-27	Perennial Ryegrass	7.6	-1	0	1430.1	0.0	1353.7	0.0	70.83	5.65	1353.66	76	824.11	606.03	1029.20	466.13	0.0	0.033	0.019	0.008	0.003	0.001	0.000
1991-08-28	Perennial Ryegrass	7.6	-1	0	1430.8	0.0	1358.5	0.0	72.09	0.17	1358.55	72	822.54	608.27	1029.36	467.32	0.0	0.033	0.019	0.008	0.003	0.001	0.000
1991-08-29	Perennial Ryegrass	7.6	-1	0	1435.2	0.0	1362.3	0.0	71.03	1.87	1362.27	73	825.16	610.01	1034.08	467.90	0.0	0.033	0.019	0.008	0.003	0.001	0.000
1991-08-30	Perennial Ryegrass	7.6	-1	0	1437.5	0.0	1365.7	0.0	68.43	3.32	1365.74	72	825.93	611.57	1036.48	468.37	0.0	0.033	0.019	0.008	0.003	0.001	0.000
1991-08-31	Perennial Ryegrass	7.6	-1	0	1438.6	0.0	1369.5	0.0	68.98	0.16	1369.47	69	825.45	613.17	1037.53	468.92	0.0	0.033	0.019	0.008	0.003	0.001	0.000
1991-09-01	Perennial Ryegrass	7.6	-1	0	1442.3	0.0	1372.6	0.0	69.49	0.16	1372.61	70	827.61	614.64	1041.34	469.26	0.0	0.033	0.019	0.008	0.003	0.001	0.000
1991-09-02	Perennial Ryegrass	7.6	-1	0	1445.1	0.0	1375.2	0.0	69.71	0.17	1375.19	70	829.27	615.80	1044.32	469.33	0.0	0.033	0.019	0.008	0.003	0.001	0.000
1991-09-03	Perennial Ryegrass	7.6	-1	0	1450.4	0.0	1379.0	0.0	71.27	0.17	1378.95	71	832.46	617.93	1049.30	470.19	0.0	0.033	0.019	0.008	0.003	0.001	0.000
1991-09-04	Perennial Ryegrass	7.6	-1	0	1461.2	0.0	1388.1	0.0	72.90	0.17	1388.12	73	838.98	622.21	1058.53	468.05	0.0	0.033	0.019	0.008	0.003	0.001	0.000
1991-09-05	Perennial Ryegrass	7.6	-1	0	1473.4	0.0	1397.9	0.0	75.31	0.17	1397.90	75	846.32	627.07	1070.57	465.51	0.0	0.033	0.019	0.008	0.003	0.001	0.000
1991-09-06	Perennial Ryegrass	7.6	-1	0	1486.4	0.0	1408.1	0.0	78.10	0.18	1408.13	78	854.10	632.32	1083.49	464.59	0.0	0.033	0.019	0.008	0.003	0.001	0.000
1991-09-07	Perennial Ryegrass	7.6	-1	0	1499.5	0.0	1418.4	0.0	80.86	0.18	1418.44	81	861.82	637.65	1096.55	464.23	0.0	0.033	0.019	0.008	0.003	0.001	0.000
1991-09-08	Perennial Ryegrass	7.6	-1	0	1512.8	0.0	1428.4	0.0	83.94	0.41	1428.44	84	869.64	643.15	1109.97	462.14	0.0	0.032	0.018	0.008	0.003	0.001	0.000
1991-09-09	Perennial Ryegrass	7.6	-1	0	1526.1	0.0	1438.6	0.0	87.26	0.19	1438.61	87	877.27	648.80	1123.21	461.98	0.0	0.032	0.018	0.008	0.003	0.001	0.000
1991-09-10	Perennial Ryegrass	7.6	-1	0	1536.4	0.0	1448.2	0.0	81.04	7.16	1448.16	88	883.17	653.19	1133.71	459.74	0.0	0.032	0.018	0.008	0.003	0.001	0.000
1991-09-11	Perennial Ryegrass	7.6	-1	0	1545.4	0.0	1462.4	0.0	81.42	1.65	1462.35	83	885.96	659.47	1141.51	459.47	0.0	0.032	0.018	0.008	0.003	0.001	0.000
1991-09-12	Perennial Ryegrass	7.6	-1	0	1555.9	0.0	1473.5	0.0	82.23	0.19	1473.53	82	891.44	664.50	1152.88	458.41	0.0	0.032	0.018	0.008	0.003	0.001	0.000
1991-09-13	Perennial Ryegrass	7.6	-1	0	1566.1	0.0	1483.3	0.0	82.61	0.19	1483.34	83	897.22	668.91	1163.47	458.11	0.0	0.032	0.018	0.008	0.003	0.001	0.000
1991-09-14	Perennial Ryegrass	7.6	-1	0	1577.7	0.0	1493.0	0.0	84.54	0.19	1493.01	85	903.81	673.93	1175.13	457.73	0.0	0.032	0.018	0.008	0.003	0.001	0.000
1991-09-15	Perennial Ryegrass	7.6	-1	0	1591.8	0.0	1503.3	0.0	86.82	1.70	1503.29	89	911.77	680.05	1189.07	457.20	0.0	0.032	0.018	0.008	0.003	0.001	0.000
1991-09-16	Perennial Ryegrass	7.6	-1	0	1605.0	0.0	1514.0	0.0	89.47	1.48	1514.04	91	918.62	686.37	1202.13	457.81	0.0	0.032	0.018	0.008	0.003	0.001	0.000
1991-09-17	Perennial Ryegrass	7.6	-1	0	1615.7	0.0	1524.1	0.0	87.55	4.01	1524.12	92	924.10	691.58	1213.02	456.93	0.0	0.032	0.018	0.008	0.003	0.001	0.000
1991-09-18	Perennial Ryegrass	7.6	-1	0	1626.1	0.0	1535.3	0.0	90.30	0.50	1535.30	91	928.56	697.54	1223.17	456.51	0.0	0.032	0.018	0.008	0.003	0.001	0.000
1991-09-19	Perennial Ryegrass	7.6	-1	0	1638.9	0.0	1545.7	0.0	92.77	0.43	1545.66	93	935.44	703.42	1236.16	456.54	0.0	0.032	0.018	0.008	0.003	0.001	0.000
1991-09-20	Perennial Ryegrass	7.6	-1	0	1651.1	0.0	1556.2	0.0	94.65	0.20	1556.23	95	942.00	709.09	1248.35	456.63	0.0	0.032	0.018	0.008	0.003	0.001	0.000
1991-09-21	Perennial Ryegrass	7.6	-1	0	1664.1	0.0	1566.1	0.0	93.71	4.37	1566.06	98	949.06	715.08	1261.61	456.30	0.0	0.032	0.018	0.008	0.003	0.001	0.000
1991-09-22	Perennial Ryegrass	7.6	-1	0	1673.4	0.0	1576.9	0.0	96.31	0.20	1576.89	97	952.66	720.73	1270.63	455.71	0.0	0.032	0.018	0.008	0.003	0.001	0.000
1991-09-23	Perennial Ryegrass	7.6	-1	0	1685.5	0.0	1587.2	0.0	98.09	0.21	1587.24	98	959.14	726.40	1282.91	455.68	0.0	0.032	0.018	0.008	0.003	0.001	0.000
1991-09-24	Perennial Ryegrass	7.6	-1	0	1699.5	0.0	1597.3	0.0	101.95	0.21	1597.32	102	966.56	732.92	1296.94	455.15	0.0	0.032	0.018	0.008	0.003	0.001	0.000
1991-09-25	Perennial Ryegrass	7.6	-1	0	1715.0	0.0	1607.4	0.0	106.47	1.12	1607.42	108	974.77	740.24	1312.48	453.17	0.0	0.032	0.018	0.008	0.003	0.001	0.000
1991-09-26	Perennial Ryegrass	7.6	-1	0	1728.8	0.0	1618.1	0.0	103.19	7.59	1618.05	111	981.69	747.14	1326.18	452.05	0.0	0.032	0.018	0.008	0.003	0.001	0.000
1991-09-27	Perennial Ryegrass	7.6	-1	0	1740.1	0.0	1632.2	0.0	107.67	0.22	1632.21	108	985.23	754.86	1336.59	452.71	0.0	0.032	0.018	0.008	0.003	0.001	0.000
1991-09-28	Perennial Ryegrass	7.6	-1	0	1757.6	0.0	1644.3	0.0	113.11	0.22	1644.27	113	994.24	763.37	1354.65	453.13	0.0	0.032	0.018	0.008	0.003	0.001	0.000
1991-09-29	Perennial Ryegrass	7.6	-1	0	1775.9	0.0	1655.7	0.0	119.95	0.23	1655.70	120	1003.56	772.32	1373.11	452.98	0.0	0.032	0.018	0.008	0.003	0.001	0.000
1991-09-30	Perennial Ryegrass	7.6	-1	0	1795.1	0.0	1666.5	0.0	128.32	0.25	1666.52	129	1013.25	781.83	1392.47	451.00	0.0	0.032	0.018	0.008	0.003	0.001	0.000
1991-10-01	Perennial Ryegrass	7.6	-1	0	1812.5	0.0	1677.9	0.0	134.32	0.26	1677.91	135	1021.91	790.58	1409.75	450.12	0.0	0.032	0.018	0.008	0.003	0.001	0.000
1991-10-02	Perennial Ryegrass	7.6	-1	0	1833.0	0.0	1688.7	0.0	143.99	0.27	1688.70	144	1032.03	800.94	1430.39	447.81	0.0	0.032	0.018	0.008	0.003	0.001	0.000
1991-10-03	Perennial Ryegrass	7.6	-1	0	1854.1	0.0	1699.4	0.0	154.37	0.29	1699.39	155	1042.31	811.74	1451.52	445.20	0.0	0.032	0.018	0.008	0.003	0.001	0.000
1991-10-04	Perennial Ryegrass	7.6	-1	0	1876.4	0.0	1709.8	0.0	166.30	0.30	1709.80	167	1053.08	823.32	1473.95	441.86	0.0	0.031	0.017	0.007	0.003	0.001	0.000
1991-10-05	Perennial Ryegrass	7.6	-1	0	1899.1	0.0	1720.0	0.0	178.85	0.32	1719.96	179	1063.88	835.25	1496.75	438.35	0.0	0.031	0.017	0.007	0.003	0.001	0.000
1991-10-06	Perennial Ryegrass	7.6	-1	0	1921.8	0.0	1730.0	0.0	188.27	3.52	1730.00	192	1074.52	847.27	1519.45	435.13	0.0	0.031	0.017	0.007	0.003	0.001	0.000
1991-10-07	Perennial Ryegrass	7.6	-1	0	1941.4	0.0	1740.8	0.0	200.31	0.36	1740.77	201	1082.80	858.64	1538.95	432.08	0.0	0.031	0.017	0.007	0.003	0.001	0.000
1991-10-08	Perennial Ryegrass	7.6	-1	0	1961.8	0.0	1751.4	0.0	210.08	0.38	1751.38	210	1092.17	869.68	1559.41	429.06	0.0	0.030	0.017	0.007	0.003	0.001	0.000
1991-10-09	Perennial Ryegrass	7.6	-1	0	1979.0	0.0	1762.4	0.0	216.18	0.40	1762.40	217	1099.95	879.03	1576.46	426.62	0.0	0.030	0.017	0.007	0.003	0.001	0.000
1991-10-10	Perennial Ryegrass	7.6	-1	0	1990.9	0.0	1764.7	0.0	225.75	0.41	1764.70	226	1105.28	885.58	1590.34	427.14	0.0	0.030	0.017	0.007	0.003	0.001	0.000
1991-10-11	Perennial Ryegrass	7.6	-1	0	2008.8	0.0	1773.9	0.0	234.42	0.42	1773.93	235	1113.34	895.43	1606.68	423.49	0.0	0.030	0.017	0.007	0.003	0.001	0.000
1991-10-12	Perennial Ryegrass	7.6	-1	0	2021.6	0.0	1774.9	0.0	246.20	0.44	1774.94	247	1119.03	902.55	1621.35	424.06	0.0	0.030	0.017	0.007	0.003	0.001	0.000
1991-10-13	Perennial Ryegrass	7.6	-1	0	2035.7	0.0	1774.6	0.0	260.63	0.46	1774.57	261	1125.28	910.39	1635.75	424.72	0.0	0.030	0.017	0.007	0.003	0.001	0.000
1991-10-14	Perennial Ryegrass	7.6	-1	0	2049.6	0.0	1773.9	0.0	275.19	0.48	1773.91	276	1131.43	918.15	1649.72	425.29	0.0	0.030	0.017	0.007	0.003	0.001	0.000
1991-10-15	Perennial Ryegrass	7.6	-1	0	2062.6	0.0	1772.6	0.0	289.44	0.50	1772.61	290	1137.14	925.41	1662.85	425.69	0.0	0.030	0.017	0.007	0.003	0.001	0.000
1991-10-16	Perennial Ryegrass	7.6	-1	0	2075.8	0.0	1771.2	0.0	304.07	0.53	1771.21	305	1142.96	932.84	1676.12	426.09	0.0	0.030	0.017	0.007	0.003	0.001	0.000
1991-10-17	Perennial Ryegrass	7.6	-1	0	2083.5	0.0	1772.9	0.0	309.99	0.55	1772.93	311	1146.27	937.20	1683.09	425.87	0.0	0.030	0.017	0.007	0.003	0.001	0.000
1991-10-18	Perennial Ryegrass	7.6	-1	0	2092.3	0.0	1772.8	0.0	318.93	0.56	1772.81	319	1150.09	942.21	1692.33	425.79	0.0	0.030	0.017	0.007	0.003	0.001	0.000
1991-10-19	Perennial Ryegrass	7.6	-1	0	2102.2	0.0	1771.3	0.0	330.26	0.58	1771.33	331	1154.37	947.79	1702.50	425.79	0.0	0.029	0.017	0.007	0.003	0.001	0.000
1991-10-20	Perennial Ryegrass	7.6	-1	0	2111.1	0.0	1766.3	0.0	344.26	0.59	1766.29	345	1158.25	952.90	1712.28	425.68	0.0	0.029	0.017	0.007	0.003	0.001	0.000
1991-10-21	Perennial Ryegrass	7.6	-1	0	2119.0	0.0	1753.8	0.0	363.60	1.59	1753.77	365	1161.61	957.36	1721.80	425.41	0.0	0.029	0.017	0.007	0.003	0.001	0.000
1991-10-22	Perennial Ryegrass	7.6	-1	0	2129.5	0.0	1751.2	0.0	377.69	0.65	1751.18	378	1166.01	963.51	1730.11	425.49	0.0	0.029	0.017	0.008	0.003	0.001	0.000
1991-10-23	Perennial Ryegrass	7.6	-1	0	2141.1	0.0	1747.4	0.0	392.99	0.67	1747.43	394	1171.04	970.05	1741.95	425.58	0.0	0.029	0.017	0.008	0.003	0.001	0.000
1991-10-24	Perennial Ryegrass	7.6	-1	0	2151.0	0.0	1742.4	0.0	394.09	14.45	1742.42	409	1175.32	975.65	1752.11	425.48	0.0	0.029	0.017	0.008	0.003	0.001	0.000
1991-10-25	Perennial Ryegrass	7.6	-1	0	2149.5	0.0	1740.1	0.0	397.98	11.44	1740.12	409	1172.14	977.41	1750.07	425.61	0.0	0.029	0.017	0.008	0.003	0.001	0.000
1991-10-26	Perennial Ryegrass	7.6	-1	0	2157.8	0.0	1748.3	0.0	404.02	5.52	1748.27	410	1173.93	983.87	1755.93	421.46	0.0	0.029	0.017	0.007	0.003	0.001	0.000
1991-10-27	Perennial Ryegrass	7.6	-1	0	2164.6	0.0	1749.2	0.0	414.79	0.70	1749.15	415	1176.08	988.56	1764.44	421.57	0.0	0.029	0.017	0.007	0.003	0.001	0.000
1991-10-28	Perennial Ryegrass	7.6	-1	0	2174.6	0.0	1749.4	0.0	424.19	1.01	1749.44	425	1180.40	994.24	1774.57	421.52	0.0	0.029	0.017	0.007	0.003	0.001	0.000
1991-10-29	Perennial Ryegrass	7.6	-1	0	2186.1	0.0	1746.4	0.0	438.96	0.74	1746.39	440	1185.32	1000.76	1786.78	421.63	0.0	0.029	0.017	0.007	0.003	0.001	0.000
1991-10-30	Perennial Ryegrass	7.6	-1	0	2195.9	0.0	1737.0	0.0	447.09	11.80	1736.98	459	1189.55	1006.32	1798.02	421.53	0.0	0.029	0.017	0.007	0.003	0.001	0.000
1991-10-31	Perennial Ryegrass	7.6	-1	0	2200.1	0.0	1732.3	0.0	466.12	1.68	1732.28	468	1189.68	1010.40	1801.16	421.93	0.0	0.029	0.017	0.007	0.003	0.001	0.000
1991-11-01	Perennial Ryegrass	7.6	-1	0	2209.1	0.0	1732.6	0.0	475.70	0.80	1732.59	477	1193.45	1015.64	1809.02	421.83	0.0	0.029	0.017	0.007	0.003	0.001	0.000
1991-11-02	Perennial Ryegrass	7.6	-1	0	2220.4	0.0	1729.2	0.0	490.41	0.82	1729.21	491	1198.38	1022.05	1821.21	421.87	0.0	0.029	0.017	0.007	0.003	0.001	0.000
1991-11-03	Perennial Ryegrass	7.6	-1	0	2231.7	0.0	1720.4	0.0	487.44	23.86	1720.39	511	1203.28	1028.41	1833.73	421.89	0.0	0.029	0.017	0.007	0.003	0.001	0.000
1991-11-04	Perennial Ryegrass	7.6	-1	0	2226.5	0.0	1718.4	0.0	504.70	3.38	1718.45	508	1197.81	1028.72	1826.98	422.50	0.0	0.029	0.017	0.007	0.003	0.001	0.000
1991-11-05	Perennial Ryegrass	7.6	-1	0	2239.0	0.0	1716.2	0.0	521.57	1.20	1716.21	523	1202.96	1036.03	1839.51	422.84	0.0	0.029	0.017	0.007	0.003	0.001	0.000
1991-11-06	Perennial Ryegrass	7.6	-1	0	2251.8	0.0	1713.4	0.0	537.58	0.89	1713.36	538	1208.55	1043.27	1852.48	423.00	0.0	0.029	0.017	0.007	0.003	0.001	0.000
1991-11-07	Perennial Ryegrass	7.6	-1	0	2265.5	0.0	1707.7	0.0	556.87	0.91	1707.69	558	1214.54	1050.92	1866.79	423.20	0.0	0.029	0.017	0.007	0.003	0.001	0.000
1991-11-08	Perennial Ryegrass	7.6	-1	0	2274.9	0.0	1705.7	0.0	568.23	0.94	1705.73	569	1218.66	1056.24	1875.36	423.03	0.0	0.029	0.017	0.007	0.003	0.001	0.000
1991-11-09	Perennial Ryegrass	7.6	-1	0	2283.1	0.0	1703.2	0.0	578.95	0.96	1703.20	580	1222.22	1060.89	1883.71	422.76	0.0	0.029	0.017	0.007	0.003	0.001	0.000
1991-11-10	Perennial Ryegrass	7.6	-1	0	2290.3	0.0	1700.4	0.0	588.88	0.98	1700.45	590	1225.33	1064.98	1890.95	422.42	0.0	0.029	0.017	0.007	0.003	0.001	0.000
1991-11-11	Perennial Ryegrass	7.6	-1	0	2296.8	0.0	1697.1	0.0	598.72	1.00	1697.11	600	1228.13	1068.70	1897.61	422.02	0.0	0.029	0.017	0.007	0.003	0.001	0.000
1991-11-12	Perennial Ryegrass	7.6	-1	0	2303.7	0.0	0.0	1692.2	610.49	1.01	1692.18	612	1231.09	1072.60	1904.85	421.65	0.0	0.029	0.017	0.007	0.003	0.001	0.000
1991-11-13	Perennial Ryegrass	15.1	-1	0	2305.8	0.0	0.0	1527.4	777.31	1.03	1527.41	778	1232.67	1073.08	1944.71	422.73	0.0	0.029	0.017	0.007	0.003	0.001	0.000
1991-11-14	Perennial Ryegrass	14.9	-1	0	2306.9	0.0	0.0	1396.2	909.42	1.35	1396.17	911	1233.69	1073.25	1941.31	423.15	0.0	0.029	0.017	0.007	0.003	0.001	0.000
1991-11-15	Perennial Ryegrass	14.8	-1	0	2307.5	0.0	0.0	1268.3	1037.66	1.61	1268.26	1039	1234.29	1073.24	1944.18	423.34	0.0	0.029	0.017	0.008	0.003	0.001	0.000
1991-11-16	Perennial Ryegrass	15.4	-1	0	2307.9	0.0	0.0	1114.1	1191.99	1.86	1114.07	1194	1234.76	1073.16	1956.55	423.45	0.0	0.029	0.017	0.008	0.003	0.001	0.000
1991-11-17	Perennial Ryegrass	15.1	-1	0	2307.5	0.0	0.0	1020.9	1284.39	2.16	1020.90	1287	1234.65	1072.80	1940.90	423.19	0.0	0.028	0.017	0.008	0.003	0.001	0.000
1991-11-18	Perennial Ryegrass	15.3	-1	0	2306.6	0.0	0.0	916.3	1388.00	2.33	916.29	1390	1234.29	1072.34	1947.62	422.85	0.0	0.028	0.017	0.008	0.003	0.001	0.000
1991-11-19	Perennial Ryegrass	16.0	-1	0	2305.6	0.0	0.0	800.9	1495.31	9.39	800.91	1505	1233.81	1071.81	1955.99	422.41	0.0	0.028	0.018	0.008	0.003	0.001	0.000
1991-11-20	Perennial Ryegrass	15.9	-1	0	2297.1	0.0	0.0	725.9	1568.48	2.74	725.90	1571	1228.37	1068.75	1934.59	421.78	0.0	0.028	0.018	0.008	0.003	0.001	0.000
1991-11-21	Perennial Ryegrass	15.5	-1	0	2295.0	0.0	0.0	667.3	1624.83	2.89	667.29	1628	1227.12	1067.89	1927.30	421.05	0.0	0.028	0.017	0.008	0.003	0.001	0.000
1991-11-22	Perennial Ryegrass	15.7	-1	0	2292.7	0.0	0.0	598.5	1691.23	3.00	598.52	1694	1225.76	1066.98	1933.97	420.28	0.0	0.028	0.017	0.008	0.003	0.001	0.000
1991-11-23	Perennial Ryegrass	16.1	-1	0	2290.3	0.0	0.0	530.0	1757.13	3.13	530.05	1760	1224.28	1066.01	1936.06	419.44	0.0	0.028	0.017	0.008	0.003	0.001	0.000
1991-11-24	Perennial Ryegrass	17.0	-1	0	2287.7	0.0	0.0	460.2	1824.26	3.26	460.16	1828	1222.68	1064.99	1940.41	418.54	0.0	0.028	0.017	0.008	0.003	0.001	0.000
1991-11-25	Perennial Ryegrass	17.8	-1	0	2284.8	0.0	0.0	397.7	1883.66	3.39	397.75	1887	1220.90	1063.89	1939.04	417.55	0.0	0.028	0.017	0.008	0.003	0.001	0.000
1991-11-26	Perennial Ryegrass	18.5	-1	0	2281.6	0.0	0.0	344.6	1859.53	77.47	344.62	1937	1218.92	1062.70	1937.00	416.49	0.0	0.028	0.017	0.007	0.003	0.001	0.000
1991-11-27	Perennial Ryegrass	18.0	-1	0	2204.3	0.0	0.0	312.5	1888.40	3.45	312.48	1892	1166.33	1038.00	1891.85	415.41	0.0	0.028	0.017	0.007	0.003	0.001	0.000
1991-11-28	Perennial Ryegrass	17.8	-1	0	2200.9	0.0	0.0	281.8	1915.61	3.51	281.77	1919	1164.16	1036.73	1919.12	414.29	0.0	0.028	0.017	0.007	0.003	0.001	0.000
1991-11-29	Perennial Ryegrass	17.7	-1	0	2197.3	0.0	0.0	254.1	1936.82	6.38	254.07	1943	1161.86	1035.41	1943.20	413.15	0.0	0.028	0.017	0.007	0.003	0.001	0.000
1991-11-30	Perennial Ryegrass	16.5	-1	0	2190.5	0.0	0.0	239.6	1947.33	3.60	239.61	1951	1157.42	1033.11	1950.93	412.01	0.0	0.027	0.017	0.007	0.003	0.001	0.000
1991-12-01	Perennial Ryegrass	16.2	-1	0	2186.6	0.0	0.0	220.8	1962.15	3.62	220.82	1966	1154.88	1031.71	1965.77	410.88	0.0	0.027	0.017	0.007	0.003	0.001	0.000
1991-12-02	Perennial Ryegrass	16.5	-1	0	2182.6	0.0	0.0	198.7	1980.23	3.65	198.75	1984	1152.33	1030.30	1983.89	409.73	0.0	0.027	0.017	0.007	0.003	0.001	0.000
1991-12-03	Perennial Ryegrass	16.6	-1	0	2178.6	0.0	0.0	180.0	1984.87	13.67	180.04	1999	1149.71	1028.86	1998.54	408.57	0.0	0.027	0.017	0.007	0.003	0.001	0.000
1991-12-04	Perennial Ryegrass	16.6	-1	0	2164.4	0.0	0.0	164.0	1996.70	3.70	164.05	2000	1140.19	1024.26	2000.40	407.41	0.0	0.027	0.017	0.007	0.003	0.001	0.000
1991-12-05	Perennial Ryegrass	16.3	-1	0	2160.2	0.0	0.0	151.6	2004.93	3.72	151.57	2009	1137.45	1022.78	2008.65	406.25	0.0	0.027	0.017	0.007	0.003	0.001	0.000
1991-12-06	Perennial Ryegrass	16.1	-1	0	2156.0	0.0	0.0	139.7	2012.52	3.74	139.70	2016	1134.67	1021.29	2016.26	405.08	0.0	0.027	0.017	0.007	0.003	0.001	0.000
1991-12-07	Perennial Ryegrass	16.7	-1	0	2151.7	0.0	0.0	125.2	2022.75	3.76	125.19	2027	1131.89	1019.80	2026.50	403.90	0.0	0.027	0.017	0.007	0.003	0.001	0.000
1991-12-08	Perennial Ryegrass	17.6	-1	0	2147.4	0.0	0.0	110.7	2032.92	3.78	110.71	2037	1129.10	1018.30	2036.70	402.70	0.0	0.027	0.017	0.007	0.003	0.001	0.000
1991-12-09	Perennial Ryegrass	18.3	-1	0	2143.1	0.0	0.0	98.3	2041.00	3.80	98.26	2045	1126.26	1016.80	2044.80	401.47	0.0	0.027	0.017	0.007	0.003	0.001	0.000
1991-12-10	Perennial Ryegrass	19.1	-1	0	2138.7	0.0	0.0	86.6	1901.35	150.76	86.57	2052	1123.40	1015.28	2052.11	400.21	0.0	0.027	0.017	0.007	0.003	0.001	0.000
1991-12-11	Perennial Ryegrass	17.9	-1	0	1987.5	0.0	0.0	82.0	1901.99	3.52	81.99	1906	1019.51	967.99	1905.51	398.99	0.0	0.027	0.017	0.007	0.003	0.001	0.000
1991-12-12	Perennial Ryegrass	16.8	-1	0	1983.5	0.0	0.0	77.9	1829.03	76.54	77.94	1906	1016.95	966.56	1905.57	397.81	0.0	0.026	0.016	0.007	0.003	0.001	0.000
1991-12-13	Perennial Ryegrass	16.2	-1	0	1906.5	0.0	0.0	73.5	1736.60	96.39	73.51	1833	964.94	941.56	1832.99	396.65	0.0	0.026	0.016	0.007	0.003	0.001	0.000
1991-12-14	Perennial Ryegrass	16.4	-1	0	1809.6	0.0	0.0	67.8	1738.68	3.18	67.78	1742	900.06	909.58	1741.86	395.50	0.0	0.026	0.016	0.007	0.003	0.001	0.000
1991-12-15	Perennial Ryegrass	17.0	-1	0	1805.9	0.0	0.0	61.4	1741.35	3.19	61.37	1745	897.72	908.19	1744.53	394.34	0.0	0.026	0.016	0.007	0.003	0.001	0.000
1991-12-16	Perennial Ryegrass	16.8	-1	0	1802.1	0.0	0.0	57.2	1741.71	3.19	57.23	1745	895.35	906.78	1744.90	393.19	0.0	0.026	0.016	0.007	0.003	0.001	0.000
1991-12-17	Perennial Ryegrass	16.1	-1	0	1798.3	0.0	0.0	54.2	1738.44	5.72	54.16	1744	892.95	905.37	1744.16	392.06	0.0	0.026	0.016	0.007	0.003	0.001	0.000
1991-12-18	Perennial Ryegrass	15.2	-1	0	1792.0	0.0	0.0	52.0	1697.33	42.61	52.03	1740	888.86	903.11	1739.94	390.96	0.0	0.026	0.016	0.007	0.003	0.001	0.000
1991-12-19	Perennial Ryegrass	14.9	-1	0	1748.7	0.0	0.0	49.3	1696.35	3.10	49.27	1699	860.27	888.46	1699.45	389.87	0.0	0.026	0.016	0.007	0.003	0.001	0.000
1991-12-20	Perennial Ryegrass	15.0	-1	0	1744.9	0.0	0.0	46.1	1695.79	3.10	46.06	1699	857.89	887.05	1698.89	388.77	0.0	0.026	0.016	0.007	0.003	0.001	0.000
1991-12-21	Perennial Ryegrass	15.0	-1	0	1745.3	0.0	5.2	41.8	1684.56	13.77	47.01	1698	858.53	886.80	1698.33	377.43	0.0	0.025	0.016	0.007	0.003	0.001	0.000
1991-12-22	Perennial Ryegrass	15.0	-1	0	1734.8	0.0	10.1	37.8	1683.93	3.08	47.82	1687	851.23	883.60	1687.01	368.77	0.0	0.025	0.015	0.007	0.002	0.001	0.000
1991-12-23	Perennial Ryegrass	15.0	-1	0	1735.3	0.0	15.3	33.3	1683.67	3.08	48.58	1687	851.61	883.71	1686.75	361.33	0.0	0.024	0.015	0.007	0.002	0.001	0.000
1991-12-24	Perennial Ryegrass	15.0	-1	0	1736.9	0.0	21.6	29.0	1683.21	3.08	50.63	1686	852.85	884.07	1686.28	354.07	0.0	0.024	0.015	0.006	0.002	0.001	0.000
1991-12-25	Perennial Ryegrass	15.0	-1	0	1738.6	0.0	28.0	24.9	1682.68	3.08	52.89	1686	854.22	884.43	1685.75	346.92	0.0	0.023	0.014	0.006	0.002	0.001	0.000
1991-12-26	Perennial Ryegrass	15.0	-1	0	1740.3	0.0	34.3	21.1	1681.82	3.08	55.43	1685	855.62	884.70	1684.89	339.86	0.0	0.023	0.014	0.006	0.002	0.001	0.000
1991-12-27	Perennial Ryegrass	15.0	-1	0	1742.9	0.0	41.6	17.1	1670.58	13.66	58.70	1684	857.72	885.21	1684.24	332.94	0.0	0.022	0.014	0.006	0.002	0.001	0.000
1991-12-28	Perennial Ryegrass	15.0	-1	0	1735.1	0.0	48.8	14.6	1668.62	3.05	63.45	1672	852.99	882.12	1671.67	327.16	0.0	0.022	0.014	0.006	0.002	0.001	0.000
1991-12-29	Perennial Ryegrass	15.0	-1	0	1738.0	0.0	56.0	13.0	1665.97	3.05	68.94	1669	855.32	882.63	1669.02	321.63	0.0	0.021	0.013	0.006	0.002	0.001	0.000
1991-12-30	Perennial Ryegrass	15.0	-1	0	1740.7	0.0	63.0	11.7	1662.99	3.04	74.70	1666	857.63	883.11	1666.04	315.72	0.0	0.021	0.013	0.006	0.002	0.001	0.000
1991-12-31	Perennial Ryegrass	15.0	-1	0	1743.6	0.0	70.1	10.4	1545.71	117.38	80.49	1663	859.98	883.60	1663.08	310.41	0.0	0.021	0.013	0.006	0.002	0.001	0.000
1992-01-01	Perennial Ryegrass	15.0	-1	0	1634.8	0.0	79.9	8.9	1543.31	2.80	88.73	1546	788.91	845.92	1546.10	305.72	0.0	0.020	0.013	0.006	0.002	0.001	0.000
1992-01-02	Perennial Ryegrass	15.0	-1	0	1640.5	0.0	89.4	7.7	1540.63	2.79	97.09	1543	793.40	847.11	1543.42	301.81	0.0	0.020	0.013	0.005	0.002	0.001	0.000
1992-01-03	Perennial Ryegrass	15.0	-1	0	1645.7	0.0	98.5	6.5	1523.35	17.35	104.99	1541	797.56	848.13	1540.70	297.36	0.0	0.020	0.012	0.005	0.002	0.001	0.000
1992-01-04	Perennial Ryegrass	15.0	-1	0	1635.8	0.0	107.0	5.8	1478.32	44.72	112.79	1523	791.93	843.89	1523.04	294.04	0.0	0.020	0.012	0.005	0.002	0.001	0.000
1992-01-05	Perennial Ryegrass	15.0	-1	0	1598.6	0.0	115.5	5.2	1427.26	50.68	120.67	1478	768.67	829.94	1477.94	290.58	0.0	0.019	0.012	0.005	0.002	0.001	0.000
1992-01-06	Perennial Ryegrass	15.0	-1	0	1556.0	0.0	124.5	4.6	1424.34	2.56	129.07	1427	742.22	813.75	1426.90	288.29	0.0	0.019	0.012	0.005	0.002	0.001	0.000
1992-01-07	Perennial Ryegrass	15.0	-1	0	1560.9	0.0	132.9	4.1	1421.39	2.55	136.92	1424	746.21	814.66	1423.94	285.58	0.0	0.019	0.012	0.005	0.002	0.001	0.000
1992-01-08	Perennial Ryegrass	15.0	-1	0	1565.3	0.0	140.7	3.6	1357.56	63.38	144.32	1421	749.83	815.43	1420.93	283.42	0.0	0.019	0.012	0.005	0.002	0.001	0.000
1992-01-09	Perennial Ryegrass	15.0	-1	0	1509.0	0.0	148.7	3.3	1266.29	90.73	151.98	1357	714.99	794.02	1357.02	281.17	0.0	0.019	0.012	0.005	0.002	0.001	0.000
1992-01-10	Perennial Ryegrass	15.0	-1	0	1428.1	0.0	159.4	2.9	1236.56	29.23	162.33	1266	665.49	762.64	1265.79	278.33	0.0	0.018	0.012	0.005	0.002	0.001	0.000
1992-01-11	Perennial Ryegrass	15.0	-1	0	1408.8	0.0	170.1	2.6	1233.94	2.17	172.66	1236	654.86	753.91	1236.11	276.10	0.0	0.018	0.011	0.005	0.002	0.001	0.000
1992-01-12	Perennial Ryegrass	15.0	-1	0	1415.5	0.0	179.8	2.2	1231.35	2.17	182.02	1234	660.22	755.31	1233.51	274.11	0.0	0.018	0.011	0.005	0.002	0.001	0.000
1992-01-13	Perennial Ryegrass	15.0	-1	0	1421.7	0.0	188.9	1.9	1228.72	2.16	190.83	1231	665.16	756.56	1230.88	272.54	0.0	0.018	0.011	0.005	0.002	0.001	0.000
1992-01-14	Perennial Ryegrass	15.0	-1	0	1427.2	0.0	197.4	1.6	1226.09	2.16	198.98	1228	669.61	757.61	1228.25	270.52	0.0	0.018	0.011	0.005	0.002	0.001	0.000
1992-01-15	Perennial Ryegrass	15.0	-1	0	1432.5	0.0	205.5	1.4	1223.41	2.15	206.89	1226	673.86	758.60	1225.56	268.81	0.0	0.018	0.011	0.005	0.002	0.001	0.000
1992-01-16	Perennial Ryegrass	15.0	-1	0	1437.5	0.0	213.5	1.2	1220.70	2.15	214.67	1223	677.98	759.54	1222.85	267.38	0.0	0.018	0.011	0.005	0.002	0.001	0.000
1992-01-17	Perennial Ryegrass	15.0	-1	0	1442.3	0.0	221.2	1.0	1217.97	2.14	222.19	1220	681.89	760.41	1220.11	265.93	0.0	0.018	0.011	0.005	0.002	0.001	0.000
1992-01-18	Perennial Ryegrass	15.0	-1	0	1446.9	0.0	228.6	0.9	1215.22	2.14	229.50	1217	685.64	761.21	1217.35	264.31	0.0	0.018	0.011	0.005	0.002	0.001	0.000
1992-01-19	Perennial Ryegrass	15.0	-1	0	1451.6	0.0	236.3	0.7	1212.48	2.13	237.03	1215	689.56	762.08	1214.61	262.68	0.0	0.017	0.011	0.005	0.002	0.001	0.000
1992-01-20	Perennial Ryegrass	15.0	-1	0	1456.8	0.0	244.3	0.6	1209.74	2.13	244.94	1212	693.75	763.06	1211.87	260.63	0.0	0.017	0.011	0.005	0.002	0.001	0.000
1992-01-21	Perennial Ryegrass	15.0	-1	0	1462.4	0.0	252.8	0.5	1206.16	2.97	253.25	1209	698.23	764.14	1209.12	258.09	0.0	0.017	0.011	0.005	0.002	0.001	0.000
1992-01-22	Perennial Ryegrass	15.0	-1	0	1468.2	0.0	262.3	0.4	1135.08	70.44	262.67	1206	702.99	765.20	1205.52	256.24	0.0	0.017	0.011	0.005	0.002	0.001	0.000
1992-01-23	Perennial Ryegrass	15.0	-1	0	1406.8	0.0	272.0	0.3	1131.71	2.76	272.29	1134	666.98	739.78	1134.46	254.55	0.0	0.017	0.011	0.005	0.002	0.001	0.000
1992-01-24	Perennial Ryegrass	15.0	-1	0	1411.5	0.0	280.2	0.3	1054.76	76.30	280.43	1131	670.93	740.55	1131.06	252.55	0.0	0.017	0.011	0.005	0.002	0.001	0.000
1992-01-25	Perennial Ryegrass	15.0	-1	0	1349.4	0.0	295.0	0.2	1052.35	1.81	295.24	1054	636.00	713.40	1054.16	252.27	0.0	0.017	0.011	0.005	0.002	0.001	0.000
1992-01-26	Perennial Ryegrass	15.0	-1	0	1358.6	0.0	306.7	0.2	1049.93	1.81	306.88	1052	643.10	715.52	1051.74	251.92	0.0	0.017	0.011	0.005	0.002	0.001	0.000
1992-01-27	Perennial Ryegrass	15.0	-1	0	1366.7	0.0	317.2	0.2	1047.53	1.81	317.40	1049	649.39	717.34	1049.33	251.55	0.0	0.016	0.011	0.005	0.002	0.001	0.000
1992-01-28	Perennial Ryegrass	15.0	-1	0	1374.1	0.0	327.0	0.1	1045.12	1.80	327.13	1047	655.12	718.93	1046.92	251.14	0.0	0.016	0.010	0.005	0.002	0.001	0.000
1992-01-29	Perennial Ryegrass	15.0	-1	0	1380.2	0.0	335.6	0.1	1042.72	1.80	335.68	1045	659.99	720.20	1044.51	250.69	0.0	0.016	0.010	0.005	0.002	0.001	0.000
1992-01-30	Perennial Ryegrass	15.0	-1	0	1386.1	0.0	343.9	0.1	1040.32	1.79	343.97	1042	664.67	721.41	1042.11	249.80	0.0	0.016	0.010	0.005	0.002	0.001	0.000
1992-01-31	Perennial Ryegrass	15.0	-1	0	1392.4	0.0	352.6	0.1	1006.07	33.64	352.68	1040	669.66	722.73	1039.71	249.10	0.0	0.016	0.010	0.005	0.002	0.000	0.000
1992-02-01	Perennial Ryegrass	15.0	-1	0	1367.2	0.0	361.7	0.1	1003.77	1.72	361.74	1005	656.45	710.77	1005.49	248.56	0.0	0.016	0.010	0.005	0.002	0.000	0.000
1992-02-02	Perennial Ryegrass	15.0	-1	0	1374.3	0.0	371.0	0.1	1001.47	1.72	371.08	1003	661.95	712.31	1003.18	247.99	0.0	0.016	0.010	0.005	0.002	0.000	0.000
1992-02-03	Perennial Ryegrass	15.0	-1	0	1381.1	0.0	380.1	0.0	999.17	1.71	380.18	1001	667.27	713.78	1000.88	247.51	0.0	0.016	0.010	0.005	0.002	0.000	0.000
