Date	species	dorm_t	seed_dorm_time	germ_index	shoot_dm	seedl_dm	estab_dm	senc_dm	dead_dm	litter_dm	green_dm	dry_dm	leaf_dm	stem_dm	avail_dm	root_dm	seed_dm	rlv[1]	rlv[2]	rlv[3]	rlv[4]	rlv[5]	rlv[6]
		oC	d	d	kg/ha	kg/ha	kg/ha	kg/ha	kg/ha	kg/ha	kg/ha	kg/ha	kg/ha	kg/ha	kg/ha	kg/ha	kg/ha	mm/mm^3	mm/mm^3	mm/mm^3	mm/mm^3	mm/mm^3	mm/mm^3
1990-08-01	Perennial Ryegrass	7.6	-1	0	3595.7	0.0	1596.7	0.0	1932.19	66.84	1596.69	1999	1297.26	2298.46	3196.55	398.61	0.0	0.033	0.012	0.005	0.002	0.001	0.000
1990-08-02	Perennial Ryegrass	7.6	-1	0	3531.8	0.0	1600.5	0.0	1847.42	83.83	1600.54	1931	1272.04	2259.75	3130.82	400.34	0.0	0.033	0.012	0.006	0.002	0.001	0.000
1990-08-03	Perennial Ryegrass	7.6	-1	0	3459.1	0.0	1612.6	0.0	1841.54	4.99	1612.59	1847	1245.78	2213.33	3056.11	407.29	0.0	0.034	0.013	0.006	0.002	0.001	0.000
1990-08-04	Perennial Ryegrass	7.6	-1	0	3464.8	0.0	1624.1	0.0	1789.62	51.03	1624.14	1841	1250.99	2213.79	3061.92	413.84	0.0	0.034	0.013	0.006	0.002	0.001	0.000
1990-08-05	Perennial Ryegrass	7.6	-1	0	3424.0	0.0	1635.3	0.0	1740.58	48.17	1635.29	1789	1237.88	2186.16	3021.30	420.06	0.0	0.035	0.013	0.006	0.002	0.001	0.000
1990-08-06	Perennial Ryegrass	7.6	-1	0	3389.5	0.0	1649.7	0.0	1735.08	4.67	1649.71	1740	1228.30	2161.16	2985.93	428.24	0.0	0.035	0.013	0.006	0.003	0.001	0.000
1990-08-07	Perennial Ryegrass	7.6	-1	0	3394.6	0.0	1657.9	0.0	1734.18	2.60	1657.87	1737	1233.16	2161.49	2992.67	434.01	0.0	0.036	0.013	0.006	0.003	0.001	0.000
1990-08-08	Perennial Ryegrass	7.6	-1	0	3398.1	0.0	1664.8	0.0	1730.76	2.59	1664.78	1733	1236.37	2161.76	2996.46	437.42	0.0	0.036	0.014	0.006	0.003	0.001	0.000
1990-08-09	Perennial Ryegrass	7.6	-1	0	3412.2	0.0	1682.3	0.0	1708.57	21.36	1682.28	1730	1246.41	2165.79	3008.00	447.25	0.0	0.037	0.014	0.006	0.003	0.001	0.000
1990-08-10	Perennial Ryegrass	7.6	-1	0	3405.0	0.0	1697.3	0.0	1705.20	2.55	1697.26	1708	1247.70	2157.31	3001.45	455.42	0.0	0.038	0.014	0.006	0.003	0.001	0.000
1990-08-11	Perennial Ryegrass	7.6	-1	0	3417.7	0.0	1705.5	0.0	1709.64	2.55	1705.55	1712	1256.85	2160.88	3015.78	464.16	0.0	0.038	0.015	0.006	0.003	0.001	0.000
1990-08-12	Perennial Ryegrass	7.6	-1	0	3429.7	0.0	1720.9	0.0	1684.46	24.35	1720.86	1709	1265.51	2164.16	3026.08	472.28	0.0	0.039	0.015	0.007	0.003	0.001	0.000
1990-08-13	Perennial Ryegrass	7.6	-1	0	3417.2	0.0	1733.5	0.0	1679.15	4.50	1733.51	1684	1264.19	2152.97	3014.22	478.77	0.0	0.039	0.015	0.007	0.003	0.001	0.000
1990-08-14	Perennial Ryegrass	7.6	-1	0	3434.5	0.0	1756.2	0.0	1670.01	8.33	1756.18	1678	1276.86	2157.66	3029.29	491.00	0.0	0.040	0.015	0.007	0.003	0.001	0.000
1990-08-15	Perennial Ryegrass	7.6	-1	0	3434.2	0.0	1765.0	0.0	1652.01	17.20	1765.02	1669	1279.19	2155.04	3032.22	495.14	0.0	0.041	0.016	0.007	0.003	0.001	0.000
1990-08-16	Perennial Ryegrass	7.6	-1	0	3437.6	0.0	1783.9	0.0	1651.23	2.46	1783.95	1654	1286.29	2151.34	3033.34	506.40	0.0	0.042	0.016	0.007	0.003	0.001	0.000
1990-08-17	Perennial Ryegrass	7.6	-1	0	3455.2	0.0	1799.8	0.0	1652.97	2.46	1799.82	1655	1298.57	2156.68	3051.69	517.20	0.0	0.042	0.016	0.007	0.003	0.001	0.000
1990-08-18	Perennial Ryegrass	7.6	-1	0	3470.9	0.0	1816.8	0.0	1651.67	2.46	1816.78	1654	1309.59	2161.32	3067.14	526.76	0.0	0.043	0.017	0.007	0.003	0.001	0.000
1990-08-19	Perennial Ryegrass	7.6	-1	0	3484.3	0.0	1830.7	0.0	1630.98	22.67	1830.68	1654	1319.16	2165.16	3081.26	534.97	0.0	0.044	0.017	0.007	0.003	0.001	0.000
1990-08-20	Perennial Ryegrass	7.6	-1	0	3468.7	0.0	1838.4	0.0	1610.22	20.00	1838.44	1630	1315.49	2153.17	3066.97	538.23	0.0	0.044	0.017	0.008	0.003	0.001	0.000
1990-08-21	Perennial Ryegrass	7.6	-1	0	3470.4	0.0	1860.9	0.0	1602.40	7.05	1860.95	1609	1322.33	2148.07	3065.50	549.51	0.0	0.045	0.017	0.008	0.003	0.001	0.000
1990-08-22	Perennial Ryegrass	7.6	-1	0	3475.2	0.0	1873.5	0.0	1591.07	10.56	1873.52	1602	1327.60	2147.56	3072.45	555.30	0.0	0.045	0.018	0.008	0.003	0.001	0.000
1990-08-23	Perennial Ryegrass	7.6	-1	0	3487.9	0.0	1897.1	0.0	1588.44	2.36	1897.07	1591	1338.95	2148.91	3082.84	567.23	0.0	0.046	0.018	0.008	0.003	0.001	0.000
1990-08-24	Perennial Ryegrass	7.6	-1	0	3511.9	0.0	1924.2	0.0	1585.33	2.35	1924.19	1588	1355.30	2156.57	3106.15	580.67	0.0	0.047	0.019	0.008	0.003	0.001	0.000
1990-08-25	Perennial Ryegrass	7.6	-1	0	3524.9	0.0	1940.4	0.0	1573.28	11.29	1940.37	1585	1364.62	2160.32	3121.58	588.16	0.0	0.048	0.019	0.008	0.003	0.001	0.000
1990-08-26	Perennial Ryegrass	7.6	-1	0	3535.1	0.0	1962.5	0.0	1570.22	2.33	1962.54	1573	1374.54	2160.55	3130.51	598.77	0.0	0.049	0.019	0.008	0.004	0.001	0.000
1990-08-27	Perennial Ryegrass	7.6	-1	0	3547.6	0.0	1978.1	0.0	1567.15	2.32	1978.10	1569	1383.47	2164.10	3144.40	605.81	0.0	0.049	0.019	0.009	0.004	0.001	0.000
1990-08-28	Perennial Ryegrass	7.6	-1	0	3566.5	0.0	2000.1	0.0	1564.08	2.32	2000.10	1566	1396.54	2169.96	3162.05	616.16	0.0	0.050	0.020	0.009	0.004	0.001	0.000
1990-08-29	Perennial Ryegrass	7.6	-1	0	3574.2	0.0	2010.9	0.0	1559.19	4.14	2010.86	1563	1402.39	2171.80	3172.04	620.59	0.0	0.050	0.020	0.009	0.004	0.001	0.000
1990-08-30	Perennial Ryegrass	7.6	-1	0	3602.0	0.0	2043.5	0.0	1551.64	6.80	2043.54	1558	1421.65	2180.33	3195.48	636.32	0.0	0.052	0.021	0.009	0.004	0.001	0.000
1990-08-31	Perennial Ryegrass	7.6	-1	0	3603.0	0.0	2052.1	0.0	1508.77	42.13	2052.09	1551	1424.46	2178.53	3201.32	639.48	0.0	0.052	0.021	0.009	0.004	0.001	0.000
1990-09-01	Perennial Ryegrass	7.6	-1	0	3592.0	0.0	2084.0	0.0	1505.83	2.22	2083.97	1508	1429.51	2162.51	3185.81	654.59	0.0	0.053	0.021	0.009	0.004	0.001	0.000
1990-09-02	Perennial Ryegrass	7.6	-1	0	3637.4	0.0	2132.3	0.0	1489.04	16.07	2132.31	1505	1459.52	2177.91	3228.15	677.93	0.0	0.055	0.022	0.010	0.004	0.001	0.000
1990-09-03	Perennial Ryegrass	7.6	-1	0	3656.2	0.0	2167.9	0.0	1468.86	19.47	2167.88	1488	1476.42	2179.79	3249.54	694.49	0.0	0.056	0.023	0.010	0.004	0.001	0.000
1990-09-04	Perennial Ryegrass	7.6	-1	0	3673.4	0.0	2205.3	0.0	1466.01	2.15	2205.26	1468	1493.31	2180.12	3266.53	711.80	0.0	0.057	0.023	0.010	0.004	0.001	0.000
1990-09-05	Perennial Ryegrass	7.6	-1	0	3711.8	0.0	2246.4	0.0	1463.17	2.15	2246.45	1465	1518.75	2193.02	3304.29	730.82	0.0	0.059	0.024	0.010	0.004	0.001	0.000
1990-09-06	Perennial Ryegrass	7.6	-1	0	3745.7	0.0	2283.2	0.0	1460.33	2.15	2283.20	1462	1541.33	2204.34	3339.12	747.45	0.0	0.060	0.024	0.011	0.004	0.001	0.000
1990-09-07	Perennial Ryegrass	7.6	-1	0	3775.3	0.0	2315.7	0.0	1457.49	2.14	2315.67	1460	1561.18	2214.13	3369.62	761.83	0.0	0.061	0.025	0.011	0.005	0.001	0.000
1990-09-08	Perennial Ryegrass	7.6	-1	0	3807.7	0.0	2350.9	0.0	1454.67	2.14	2350.88	1457	1582.76	2224.92	3401.60	777.44	0.0	0.062	0.026	0.011	0.005	0.001	0.000
1990-09-09	Perennial Ryegrass	7.6	-1	0	3840.7	0.0	2386.7	0.0	1451.84	2.13	2386.68	1454	1604.72	2235.93	3434.56	793.21	0.0	0.064	0.026	0.011	0.005	0.001	0.000
1990-09-10	Perennial Ryegrass	7.6	-1	0	3868.5	0.0	2417.3	0.0	1449.03	2.13	2417.34	1451	1623.39	2245.11	3463.36	806.37	0.0	0.065	0.027	0.012	0.005	0.001	0.000
1990-09-11	Perennial Ryegrass	7.6	-1	0	3888.6	0.0	2440.3	0.0	1446.22	2.12	2440.28	1448	1637.13	2251.50	3484.83	815.72	0.0	0.065	0.027	0.012	0.005	0.001	0.000
1990-09-12	Perennial Ryegrass	7.6	-1	0	3907.5	0.0	2462.0	0.0	1381.57	63.97	2461.98	1446	1650.06	2257.46	3503.96	824.43	0.0	0.066	0.027	0.012	0.005	0.002	0.000
1990-09-13	Perennial Ryegrass	7.6	-1	0	3857.1	0.0	2476.2	0.0	1348.24	32.68	2476.17	1381	1636.74	2220.34	3454.78	829.53	0.0	0.066	0.027	0.012	0.005	0.002	0.000
1990-09-14	Perennial Ryegrass	7.6	-1	0	3859.3	0.0	2511.7	0.0	1345.65	1.96	2511.68	1348	1648.21	2211.07	3453.54	844.79	0.0	0.067	0.028	0.012	0.005	0.002	0.000
1990-09-15	Perennial Ryegrass	7.6	-1	0	3907.5	0.0	2562.5	0.0	1343.06	1.95	2562.50	1345	1679.83	2227.68	3499.42	867.24	0.0	0.069	0.029	0.012	0.005	0.002	0.000
1990-09-16	Perennial Ryegrass	7.6	-1	0	3955.5	0.0	2613.1	0.0	1337.42	5.00	2613.11	1342	1711.30	2244.24	3547.64	889.40	0.0	0.071	0.030	0.013	0.005	0.002	0.000
1990-09-17	Perennial Ryegrass	7.6	-1	0	3993.2	0.0	2656.4	0.0	1334.86	1.94	2656.38	1337	1737.06	2256.11	3586.55	907.92	0.0	0.072	0.030	0.013	0.005	0.002	0.000
1990-09-18	Perennial Ryegrass	7.6	-1	0	4030.2	0.0	2696.0	0.0	1332.30	1.93	2696.01	1334	1761.52	2268.72	3624.27	924.60	0.0	0.074	0.031	0.013	0.006	0.002	0.000
1990-09-19	Perennial Ryegrass	7.6	-1	0	4056.5	0.0	2724.8	0.0	1328.21	3.46	2724.81	1332	1779.06	2277.41	3652.20	936.11	0.0	0.074	0.031	0.013	0.006	0.002	0.000
1990-09-20	Perennial Ryegrass	7.6	-1	0	4098.0	0.0	2770.5	0.0	1302.39	25.19	2770.46	1328	1806.84	2291.21	3691.35	955.41	0.0	0.076	0.032	0.014	0.006	0.002	0.000
1990-09-21	Perennial Ryegrass	7.6	-1	0	4129.0	0.0	2827.2	0.0	1299.90	1.88	2827.20	1302	1834.48	2294.50	3720.79	979.70	0.0	0.078	0.033	0.014	0.006	0.002	0.000
1990-09-22	Perennial Ryegrass	7.6	-1	0	4161.6	0.0	2862.3	0.0	1297.41	1.88	2862.29	1299	1856.04	2305.54	3756.62	993.83	0.0	0.079	0.033	0.014	0.006	0.002	0.000
1990-09-23	Perennial Ryegrass	7.6	-1	0	4190.3	0.0	2893.5	0.0	1294.93	1.87	2893.52	1297	1875.13	2315.19	3785.96	1006.08	0.0	0.080	0.034	0.015	0.006	0.002	0.000
1990-09-24	Perennial Ryegrass	7.6	-1	0	4216.0	0.0	2921.7	0.0	1292.46	1.87	2921.67	1294	1892.27	2323.73	3812.10	1016.82	0.0	0.080	0.034	0.015	0.006	0.002	0.000
1990-09-25	Perennial Ryegrass	7.6	-1	0	4230.3	0.0	2938.4	0.0	1285.64	6.21	2938.43	1292	1902.15	2328.13	3827.98	1022.24	0.0	0.081	0.035	0.015	0.006	0.002	0.000
1990-09-26	Perennial Ryegrass	7.6	-1	0	4243.0	0.0	2958.0	0.0	1283.18	1.86	2957.96	1285	1912.40	2330.60	3840.34	1028.89	0.0	0.081	0.035	0.015	0.006	0.002	0.000
1990-09-27	Perennial Ryegrass	7.6	-1	0	4259.8	0.0	2977.2	0.0	1280.73	1.85	2977.17	1283	1923.85	2335.91	3857.15	1035.40	0.0	0.082	0.035	0.015	0.006	0.002	0.000
1990-09-28	Perennial Ryegrass	7.6	-1	0	4275.1	0.0	2995.0	0.0	1278.29	1.85	2994.99	1280	1934.42	2340.71	3872.73	1041.26	0.0	0.082	0.035	0.015	0.006	0.002	0.000
1990-09-29	Perennial Ryegrass	7.6	-1	0	4288.6	0.0	3010.9	0.0	1275.84	1.84	3010.93	1278	1943.79	2344.83	3886.49	1046.24	0.0	0.083	0.036	0.015	0.006	0.002	0.000
1990-09-30	Perennial Ryegrass	7.6	-1	0	4309.4	0.0	3034.1	0.0	1273.41	1.84	3034.13	1275	1957.78	2351.60	3906.29	1054.57	0.0	0.083	0.036	0.015	0.006	0.002	0.000
1990-10-01	Perennial Ryegrass	7.6	-1	0	4325.4	0.0	3052.6	0.0	1270.98	1.84	3052.58	1273	1968.75	2356.65	3922.96	1060.67	0.0	0.083	0.036	0.016	0.006	0.002	0.000
1990-10-02	Perennial Ryegrass	7.6	-1	0	4338.0	0.0	3067.6	0.0	1268.56	1.83	3067.61	1270	1977.55	2360.45	3936.03	1065.19	0.0	0.083	0.037	0.016	0.006	0.002	0.000
1990-10-03	Perennial Ryegrass	7.6	-1	0	4347.0	0.0	3079.0	0.0	1264.69	3.28	3079.01	1268	1984.04	2362.93	3945.49	1068.04	0.0	0.083	0.037	0.016	0.006	0.002	0.000
1990-10-04	Perennial Ryegrass	7.6	-1	0	4353.0	0.0	3088.9	0.0	1262.28	1.82	3088.92	1264	1989.12	2363.89	3951.73	1070.18	0.0	0.083	0.037	0.016	0.006	0.002	0.000
1990-10-05	Perennial Ryegrass	7.6	-1	0	4348.6	0.0	3086.9	0.0	1228.28	33.41	3086.90	1262	1986.83	2361.75	3948.85	1067.27	0.0	0.082	0.037	0.016	0.006	0.002	0.000
1990-10-06	Perennial Ryegrass	7.6	-1	0	4335.3	0.0	3107.6	0.0	1225.95	1.76	3107.57	1228	1989.10	2346.18	3932.60	1074.37	0.0	0.083	0.037	0.016	0.006	0.002	0.000
1990-10-07	Perennial Ryegrass	7.6	-1	0	4350.2	0.0	3124.8	0.0	1223.62	1.76	3124.81	1225	1999.34	2350.85	3947.97	1079.88	0.0	0.083	0.038	0.016	0.006	0.002	0.000
1990-10-08	Perennial Ryegrass	7.6	-1	0	4357.1	0.0	3134.1	0.0	1177.69	45.36	3134.09	1223	2004.54	2352.61	3955.95	1081.70	0.0	0.084	0.038	0.016	0.006	0.002	0.000
1990-10-09	Perennial Ryegrass	7.6	-1	0	4353.3	0.0	3176.1	0.0	1174.13	3.01	3176.12	1177	2016.80	2336.47	3947.90	1098.69	0.0	0.085	0.038	0.016	0.007	0.002	0.000
1990-10-10	Perennial Ryegrass	7.6	-1	0	4376.0	0.0	3202.4	0.0	1137.50	36.08	3202.40	1174	2032.40	2343.59	3972.68	1108.32	0.0	0.086	0.039	0.017	0.007	0.002	0.000
1990-10-11	Perennial Ryegrass	7.6	-1	0	4376.8	0.0	3239.8	0.0	1121.56	15.42	3239.78	1137	2044.92	2331.84	3972.09	1123.00	0.0	0.087	0.039	0.017	0.007	0.002	0.000
1990-10-12	Perennial Ryegrass	7.6	-1	0	4399.1	0.0	3278.0	0.0	1119.45	1.59	3278.02	1121	2064.40	2334.66	3994.34	1138.03	0.0	0.088	0.040	0.017	0.007	0.002	0.000
1990-10-13	Perennial Ryegrass	7.6	-1	0	4431.3	0.0	3312.4	0.0	1117.34	1.59	3312.41	1119	2085.59	2345.75	4027.14	1151.23	0.0	0.089	0.041	0.017	0.007	0.002	0.000
1990-10-14	Perennial Ryegrass	7.6	-1	0	4459.7	0.0	3342.9	0.0	1115.24	1.59	3342.85	1117	2104.28	2355.40	4056.00	1162.59	0.0	0.090	0.041	0.017	0.007	0.002	0.000
1990-10-15	Perennial Ryegrass	7.6	-1	0	4479.7	0.0	3365.0	0.0	1105.99	8.74	3364.99	1115	2117.71	2362.02	4077.07	1170.06	0.0	0.091	0.041	0.018	0.007	0.002	0.000
1990-10-16	Perennial Ryegrass	7.6	-1	0	4501.4	0.0	3395.9	0.0	1103.91	1.57	3395.93	1105	2134.58	2366.83	4097.73	1181.53	0.0	0.091	0.042	0.018	0.007	0.002	0.000
1990-10-17	Perennial Ryegrass	7.6	-1	0	4517.2	0.0	3413.8	0.0	1101.84	1.56	3413.80	1103	2145.31	2371.89	4115.10	1186.93	0.0	0.092	0.042	0.018	0.007	0.002	0.000
1990-10-18	Perennial Ryegrass	7.6	-1	0	4532.4	0.0	3431.1	0.0	1097.32	4.01	3431.09	1101	2155.67	2376.75	4130.39	1192.03	0.0	0.092	0.042	0.018	0.007	0.002	0.000
1990-10-19	Perennial Ryegrass	7.6	-1	0	4522.4	0.0	3425.6	0.0	1042.68	54.14	3425.62	1097	2150.03	2372.40	4123.08	1187.86	0.0	0.092	0.042	0.018	0.007	0.002	0.000
1990-10-20	Perennial Ryegrass	7.6	-1	0	4513.1	0.0	3470.9	0.0	1034.10	8.11	3470.93	1042	2162.70	2350.43	4107.84	1205.97	0.0	0.093	0.043	0.018	0.007	0.002	0.000
1990-10-21	Perennial Ryegrass	7.6	-1	0	4544.0	0.0	3510.4	0.0	996.95	36.67	3510.36	1034	2185.25	2358.74	4139.44	1221.32	0.0	0.095	0.043	0.018	0.007	0.002	0.000
1990-10-22	Perennial Ryegrass	7.6	-1	0	4542.8	0.0	3546.3	0.0	995.10	1.40	3546.31	996	2197.53	2345.27	4138.71	1235.03	0.0	0.096	0.044	0.019	0.007	0.002	0.000
1990-10-23	Perennial Ryegrass	7.6	-1	0	4576.1	0.0	3581.4	0.0	993.25	1.39	3581.42	995	2219.25	2356.82	4172.11	1248.29	0.0	0.097	0.044	0.019	0.007	0.002	0.000
1990-10-24	Perennial Ryegrass	7.6	-1	0	4607.3	0.0	3614.5	0.0	991.41	1.39	3614.48	993	2239.67	2367.62	4203.59	1260.55	0.0	0.098	0.045	0.019	0.007	0.002	0.000
1990-10-25	Perennial Ryegrass	7.6	-1	0	4634.7	0.0	3643.7	0.0	989.57	1.39	3643.73	991	2257.67	2377.02	4231.45	1271.00	0.0	0.098	0.045	0.019	0.007	0.002	0.000
1990-10-26	Perennial Ryegrass	7.6	-1	0	4659.8	0.0	3670.7	0.0	987.74	1.38	3670.67	989	2274.21	2385.58	4256.83	1280.32	0.0	0.099	0.046	0.019	0.007	0.002	0.000
1990-10-27	Perennial Ryegrass	7.6	-1	0	4681.4	0.0	3694.1	0.0	985.91	1.38	3694.07	987	2288.52	2392.84	4278.81	1287.92	0.0	0.100	0.046	0.019	0.007	0.002	0.000
1990-10-28	Perennial Ryegrass	7.6	-1	0	4696.4	0.0	3710.9	0.0	984.08	1.38	3710.93	985	2298.69	2397.69	4294.56	1292.41	0.0	0.100	0.046	0.020	0.007	0.002	0.000
1990-10-29	Perennial Ryegrass	7.6	-1	0	4708.4	0.0	3724.8	0.0	982.26	1.38	3724.79	984	2306.98	2401.45	4306.93	1295.42	0.0	0.100	0.046	0.020	0.007	0.002	0.000
1990-10-30	Perennial Ryegrass	7.6	-1	0	4717.4	0.0	3735.6	0.0	980.44	1.37	3735.60	982	2313.20	2404.21	4316.25	1296.61	0.0	0.100	0.046	0.020	0.007	0.002	0.000
1990-10-31	Perennial Ryegrass	7.6	-1	0	4727.3	0.0	3747.3	0.0	978.65	1.37	3747.29	980	2319.95	2407.36	4326.06	1298.04	0.0	0.100	0.047	0.020	0.007	0.002	0.000
1990-11-01	Perennial Ryegrass	7.6	-1	0	4739.9	0.0	3761.1	0.0	977.45	1.37	3761.07	979	2328.31	2411.58	4338.41	1300.44	0.0	0.100	0.047	0.020	0.007	0.002	0.000
1990-11-02	Perennial Ryegrass	7.6	-1	0	4752.1	0.0	3773.8	0.0	976.89	1.37	3773.82	978	2336.37	2415.71	4350.72	1302.54	0.0	0.100	0.047	0.020	0.007	0.002	0.000
1990-11-03	Perennial Ryegrass	7.6	-1	0	4754.2	0.0	3775.9	0.0	976.94	1.37	3775.86	978	2338.27	2415.91	4353.96	1300.44	0.0	0.100	0.047	0.020	0.007	0.002	0.000
1990-11-04	Perennial Ryegrass	7.6	-1	0	4765.8	0.0	3786.7	0.0	934.40	44.74	3786.70	979	2345.90	2419.93	4364.68	1302.10	0.0	0.099	0.047	0.020	0.007	0.002	0.000
1990-11-05	Perennial Ryegrass	7.6	-1	0	4755.3	0.0	3817.8	0.0	936.19	1.31	3817.79	937	2354.14	2401.14	4352.00	1311.81	0.0	0.100	0.047	0.020	0.008	0.002	0.000
1990-11-06	Perennial Ryegrass	7.6	-1	0	4776.3	0.0	3836.0	0.0	939.04	1.31	3835.99	940	2367.20	2409.13	4374.43	1316.62	0.0	0.100	0.048	0.020	0.008	0.002	0.000
1990-11-07	Perennial Ryegrass	7.6	-1	0	4795.0	0.0	3850.7	0.0	943.02	1.32	3850.69	944	2378.74	2416.29	4393.50	1320.24	0.0	0.101	0.048	0.020	0.008	0.002	0.000
1990-11-08	Perennial Ryegrass	7.6	-1	0	4808.8	0.0	3858.5	0.0	947.98	2.39	3858.48	950	2387.31	2421.53	4408.04	1321.79	0.0	0.101	0.048	0.020	0.008	0.002	0.000
1990-11-09	Perennial Ryegrass	7.6	-1	0	4826.7	0.0	3870.8	0.0	941.80	14.09	3870.81	956	2398.36	2428.35	4425.43	1324.72	0.0	0.101	0.048	0.020	0.008	0.002	0.000
1990-11-10	Perennial Ryegrass	7.6	-1	0	4844.5	0.0	3897.0	0.0	941.47	5.97	3897.02	947	2412.27	2432.20	4441.76	1330.97	0.0	0.101	0.048	0.021	0.008	0.002	0.000
1990-11-11	Perennial Ryegrass	7.6	-1	0	4865.0	0.0	3919.5	0.0	944.19	1.35	3919.47	946	2425.39	2439.62	4462.70	1335.31	0.0	0.102	0.049	0.021	0.008	0.002	0.000
1990-11-12	Perennial Ryegrass	7.6	-1	0	4879.5	0.0	3929.2	0.0	948.92	1.36	3929.22	950	2433.90	2445.60	4478.50	1336.33	0.0	0.102	0.049	0.021	0.008	0.002	0.000
1990-11-13	Perennial Ryegrass	7.6	-1	0	4889.3	0.0	3931.1	0.0	956.88	1.37	3931.06	958	2439.74	2449.57	4489.12	1335.81	0.0	0.102	0.049	0.021	0.008	0.002	0.000
1990-11-14	Perennial Ryegrass	7.6	-1	0	4880.2	0.0	3909.8	0.0	962.21	8.17	3909.81	970	2433.03	2447.16	4482.35	1329.77	0.0	0.101	0.048	0.021	0.008	0.002	0.000
1990-11-15	Perennial Ryegrass	7.6	-1	0	4877.3	0.0	3899.7	0.0	962.38	15.19	3899.70	978	2433.20	2444.07	4478.30	1327.23	0.0	0.101	0.048	0.021	0.008	0.002	0.000
1990-11-16	Perennial Ryegrass	7.6	-1	0	4877.5	0.0	3900.9	0.0	975.18	1.42	3900.93	977	2436.10	2441.43	4477.41	1326.81	0.0	0.101	0.048	0.020	0.008	0.002	0.000
1990-11-17	Perennial Ryegrass	7.6	-1	0	4881.8	0.0	3893.4	0.0	986.94	1.45	3893.36	988	2438.60	2443.16	4482.53	1324.15	0.0	0.101	0.048	0.020	0.008	0.002	0.000
1990-11-18	Perennial Ryegrass	7.6	-1	0	4890.6	0.0	3894.6	0.0	994.51	1.48	3894.65	996	2443.43	2447.21	4490.50	1322.39	0.0	0.101	0.048	0.020	0.008	0.002	0.000
1990-11-19	Perennial Ryegrass	7.6	-1	0	4991.6	0.0	3985.9	0.0	1004.21	1.50	3985.94	1006	2494.95	2496.70	4582.27	1312.31	0.0	0.100	0.048	0.020	0.008	0.002	0.000
1990-11-20	Perennial Ryegrass	7.6	-1	0	5075.8	0.0	4055.6	0.0	1018.70	1.52	4055.58	1020	2537.32	2538.48	4668.81	1298.82	0.0	0.099	0.047	0.020	0.007	0.002	0.000
1990-11-21	Perennial Ryegrass	7.6	-1	0	5134.7	0.0	4096.1	0.0	1037.12	1.55	4096.08	1039	2566.58	2568.16	4730.75	1280.26	0.0	0.097	0.047	0.020	0.007	0.002	0.000
1990-11-22	Perennial Ryegrass	7.6	-1	0	5198.6	0.0	4141.4	0.0	1055.57	1.59	4141.44	1057	2597.71	2600.88	4794.17	1262.61	0.0	0.096	0.046	0.020	0.007	0.002	0.000
1990-11-23	Perennial Ryegrass	7.6	-1	0	5247.0	0.0	4171.1	0.0	1074.32	1.63	4171.07	1076	2620.98	2626.03	4844.16	1266.71	0.0	0.096	0.046	0.020	0.007	0.002	0.000
1990-11-24	Perennial Ryegrass	7.6	-1	0	5304.4	0.0	4211.4	0.0	1091.26	1.67	4211.45	1093	2648.24	2656.14	4900.50	1247.67	0.0	0.095	0.046	0.019	0.007	0.002	0.000
1990-11-25	Perennial Ryegrass	7.6	-1	0	5352.7	0.0	4240.7	0.0	1110.38	1.70	4240.65	1112	2670.93	2681.80	4949.96	1227.38	0.0	0.093	0.045	0.019	0.007	0.002	0.000
1990-11-26	Perennial Ryegrass	7.6	-1	0	5379.5	0.0	4239.2	0.0	1138.60	1.74	4239.19	1140	2683.38	2696.15	4979.67	1227.78	0.0	0.093	0.045	0.019	0.007	0.002	0.000
1990-11-27	Perennial Ryegrass	7.6	-1	0	5401.4	0.0	4227.6	0.0	1172.04	1.79	4227.56	1174	2693.45	2707.94	5002.49	1227.22	0.0	0.093	0.045	0.019	0.007	0.002	0.000
1990-11-28	Perennial Ryegrass	7.6	-1	0	5416.1	0.0	4203.1	0.0	1211.20	1.85	4203.08	1213	2700.19	2715.95	5018.46	1225.54	0.0	0.093	0.045	0.019	0.007	0.002	0.000
1990-11-29	Perennial Ryegrass	7.6	-1	0	5425.3	0.0	4165.3	0.0	1258.08	1.93	4165.27	1260	2704.33	2720.95	5028.88	1223.02	0.0	0.093	0.045	0.019	0.007	0.002	0.000
1990-11-30	Perennial Ryegrass	7.6	-1	0	5436.9	0.0	4130.4	0.0	1304.50	2.01	4130.43	1307	2709.56	2727.38	5040.29	1220.60	0.0	0.092	0.045	0.019	0.007	0.002	0.000
1990-12-01	Perennial Ryegrass	7.6	-1	0	5443.3	0.0	4085.7	0.0	1355.46	2.09	4085.71	1358	2712.36	2730.90	5047.59	1217.52	0.0	0.092	0.045	0.019	0.007	0.002	0.000
1990-12-02	Perennial Ryegrass	7.6	-1	0	5453.6	0.0	4041.1	0.0	1389.07	23.50	4041.07	1413	2716.97	2736.67	5058.01	1214.72	0.0	0.092	0.045	0.019	0.007	0.002	0.000
1990-12-03	Perennial Ryegrass	7.6	-1	0	5446.2	0.0	3996.7	0.0	1363.76	85.74	3996.73	1449	2712.69	2733.52	5050.61	1212.14	0.0	0.092	0.045	0.019	0.007	0.002	0.000
1990-12-04	Perennial Ryegrass	7.6	-1	0	5430.6	0.0	4006.9	0.0	1421.56	2.18	4006.90	1424	2702.18	2728.47	5029.63	1191.75	0.0	0.090	0.044	0.019	0.007	0.002	0.000
1990-12-05	Perennial Ryegrass	7.6	-1	0	5478.3	0.0	3992.6	0.0	1483.35	2.28	3992.64	1486	2723.37	2754.90	5079.69	1169.61	0.0	0.088	0.043	0.018	0.007	0.002	0.000
1990-12-06	Perennial Ryegrass	7.6	-1	0	5516.7	0.0	3960.6	0.0	1553.80	2.39	3960.57	1556	2740.37	2776.38	5119.96	1146.76	0.0	0.086	0.042	0.018	0.007	0.002	0.000
1990-12-07	Perennial Ryegrass	7.6	-1	0	5535.1	0.0	3901.9	0.0	1630.60	2.50	3901.95	1633	2748.37	2786.69	5140.97	1144.48	0.0	0.086	0.042	0.018	0.007	0.002	0.000
1990-12-08	Perennial Ryegrass	7.6	-1	0	5551.8	0.0	3838.1	0.0	1711.08	2.63	3838.13	1714	2755.71	2796.14	5158.38	1142.00	0.0	0.086	0.042	0.018	0.007	0.002	0.000
1990-12-09	Perennial Ryegrass	7.6	-1	0	5592.4	0.0	3814.9	0.0	1774.73	2.76	3814.91	1777	2773.66	2818.75	5194.83	1120.00	0.0	0.084	0.041	0.017	0.007	0.002	0.000
1990-12-10	Perennial Ryegrass	7.6	-1	0	5635.9	0.0	3813.3	0.0	1730.63	92.00	3813.25	1823	2792.81	2843.07	5236.06	1099.20	0.0	0.083	0.040	0.017	0.006	0.002	0.000
1990-12-11	Perennial Ryegrass	7.6	-1	0	5614.5	0.0	3844.2	0.0	1767.55	2.78	3844.21	1770	2778.44	2836.09	5211.29	1081.46	0.0	0.081	0.040	0.017	0.006	0.002	0.000
1990-12-12	Perennial Ryegrass	7.6	-1	0	5653.6	0.0	3843.4	0.0	1807.42	2.84	3843.38	1810	2795.46	2858.19	5253.73	1081.34	0.0	0.081	0.040	0.017	0.006	0.002	0.000
1990-12-13	Perennial Ryegrass	7.6	-1	0	5700.5	0.0	3845.9	0.0	1851.70	2.90	3845.85	1855	2815.84	2884.62	5300.20	1062.08	0.0	0.080	0.039	0.017	0.006	0.002	0.000
1990-12-14	Perennial Ryegrass	7.6	-1	0	5725.5	0.0	3823.3	0.0	1899.32	2.98	3823.25	1902	2826.64	2898.91	5327.90	1060.99	0.0	0.080	0.039	0.017	0.006	0.002	0.000
1990-12-15	Perennial Ryegrass	7.6	-1	0	5745.9	0.0	3793.1	0.0	1949.81	3.05	3793.06	1953	2835.39	2910.54	5349.08	1059.52	0.0	0.080	0.039	0.017	0.006	0.002	0.000
1990-12-16	Perennial Ryegrass	7.6	-1	0	5763.6	0.0	3740.5	0.0	2020.03	3.14	3740.46	2023	2842.99	2920.64	5369.18	1057.79	0.0	0.080	0.039	0.017	0.006	0.002	0.000
1990-12-17	Perennial Ryegrass	7.6	-1	0	5773.8	0.0	3680.8	0.0	2089.77	3.25	3680.79	2093	2847.32	2926.49	5380.19	1055.38	0.0	0.079	0.039	0.016	0.006	0.002	0.000
1990-12-18	Perennial Ryegrass	7.6	-1	0	5763.9	0.0	3584.8	0.0	2175.72	3.37	3584.78	2179	2840.41	2923.45	5374.30	1050.18	0.0	0.079	0.039	0.016	0.006	0.002	0.000
1990-12-19	Perennial Ryegrass	7.6	-1	0	5795.3	0.0	3563.6	0.0	2217.42	14.30	3563.60	2232	2854.25	2941.07	5397.68	1029.72	0.0	0.077	0.038	0.016	0.006	0.002	0.000
1990-12-20	Perennial Ryegrass	7.6	-1	0	5790.7	0.0	3496.5	0.0	2290.66	3.57	3496.47	2294	2851.52	2939.18	5398.24	1026.98	0.0	0.077	0.038	0.016	0.006	0.002	0.000
1990-12-21	Perennial Ryegrass	7.6	-1	0	5800.2	0.0	3441.5	0.0	2355.06	3.70	3441.47	2359	2855.60	2944.62	5406.51	1024.49	0.0	0.077	0.038	0.016	0.006	0.002	0.000
1990-12-22	Perennial Ryegrass	7.6	-1	0	5786.4	0.0	3352.5	0.0	2430.15	3.80	3352.48	2434	2845.59	2940.85	5396.77	1018.41	0.0	0.076	0.038	0.016	0.006	0.002	0.000
1990-12-23	Perennial Ryegrass	7.6	-1	0	5780.2	0.0	3284.1	0.0	2492.16	3.93	3284.13	2496	2842.18	2938.04	5388.38	1014.50	0.0	0.076	0.038	0.016	0.006	0.002	0.000
1990-12-24	Perennial Ryegrass	7.6	-1	0	5785.1	0.0	3244.0	0.0	2537.03	4.03	3244.00	2541	2844.23	2940.83	5389.95	1011.69	0.0	0.076	0.037	0.016	0.006	0.002	0.000
1990-12-25	Perennial Ryegrass	7.6	-1	0	5781.9	0.0	3182.4	0.0	2595.40	4.10	3182.39	2600	2842.65	2939.25	5389.49	1008.30	0.0	0.076	0.037	0.016	0.006	0.002	0.000
1990-12-26	Perennial Ryegrass	7.6	-1	0	5774.8	0.0	0.0	3118.7	2651.85	4.20	3118.75	2656	2838.61	2936.19	5382.79	1004.28	0.0	0.075	0.037	0.016	0.006	0.002	0.000
1990-12-27	Perennial Ryegrass	21.8	-1	0	5777.2	0.0	0.0	2605.3	3167.68	4.30	2605.25	3172	2841.10	2936.13	5443.09	1004.71	0.0	0.075	0.037	0.016	0.006	0.002	0.000
1990-12-28	Perennial Ryegrass	22.3	-1	0	5775.9	0.0	0.0	2120.2	3650.34	5.33	2120.19	3656	2841.17	2934.69	5450.33	1003.02	0.0	0.075	0.037	0.016	0.006	0.002	0.000
1990-12-29	Perennial Ryegrass	22.4	-1	0	5774.2	0.0	0.0	1752.2	4015.72	6.29	1752.17	4022	2840.97	2933.22	5443.62	1001.29	0.0	0.074	0.037	0.016	0.006	0.002	0.000
1990-12-30	Perennial Ryegrass	22.7	-1	0	5771.6	0.0	0.0	1439.2	4325.42	7.03	1439.20	4332	2840.14	2931.51	5443.09	999.28	0.0	0.074	0.037	0.016	0.006	0.002	0.000
1990-12-31	Perennial Ryegrass	23.1	-1	0	5767.5	0.0	0.0	1173.4	4568.57	25.47	1173.44	4594	2838.18	2929.29	5441.34	996.75	0.0	0.074	0.037	0.016	0.006	0.002	0.000
1991-01-01	Perennial Ryegrass	23.2	-1	0	5746.1	0.0	0.0	972.2	4765.73	8.14	972.23	4774	2825.66	2920.44	5414.69	994.25	0.0	0.074	0.037	0.016	0.006	0.002	0.000
1991-01-02	Perennial Ryegrass	23.6	-1	0	5740.8	0.0	0.0	797.9	4934.39	8.54	797.91	4943	2822.96	2917.88	5412.56	991.33	0.0	0.073	0.037	0.016	0.006	0.002	0.000
1991-01-03	Perennial Ryegrass	23.9	-1	0	5733.9	0.0	0.0	654.4	5070.64	8.88	654.43	5080	2819.13	2914.82	5405.87	988.07	0.0	0.073	0.037	0.016	0.006	0.002	0.000
1991-01-04	Perennial Ryegrass	24.3	-1	0	5725.9	0.0	0.0	534.8	5181.95	9.16	534.83	5191	2814.51	2911.43	5399.04	984.58	0.0	0.073	0.037	0.016	0.006	0.002	0.000
1991-01-05	Perennial Ryegrass	24.9	-1	0	5717.6	0.0	0.0	434.8	4904.44	378.38	434.81	5283	2809.69	2907.94	5392.44	980.99	0.0	0.073	0.037	0.016	0.006	0.002	0.000
1991-01-06	Perennial Ryegrass	23.0	-1	0	5340.5	0.0	0.0	397.5	4916.97	26.02	397.47	4943	2565.54	2774.92	4974.81	977.51	0.0	0.072	0.036	0.016	0.006	0.002	0.000
1991-01-07	Perennial Ryegrass	22.0	-1	0	5315.2	0.0	0.0	355.6	4950.82	8.85	355.56	4960	2549.94	2765.29	4959.66	974.05	0.0	0.072	0.036	0.016	0.006	0.002	0.000
1991-01-08	Perennial Ryegrass	21.6	-1	0	5306.7	0.0	0.0	312.1	4985.67	8.92	312.09	4995	2544.97	2761.71	4994.59	970.59	0.0	0.072	0.036	0.016	0.006	0.002	0.000
1991-01-09	Perennial Ryegrass	21.8	-1	0	5297.6	0.0	0.0	269.4	5019.18	8.99	269.39	5028	2539.59	2757.97	5028.17	967.10	0.0	0.071	0.036	0.016	0.006	0.002	0.000
1991-01-10	Perennial Ryegrass	22.2	-1	0	5287.9	0.0	0.0	229.4	5049.39	9.06	229.43	5058	2533.79	2754.08	5058.45	963.54	0.0	0.071	0.036	0.016	0.006	0.002	0.000
1991-01-11	Perennial Ryegrass	22.7	-1	0	5277.7	0.0	0.0	195.4	5022.34	59.96	195.38	5082	2527.61	2750.07	5082.30	959.92	0.0	0.071	0.036	0.016	0.006	0.002	0.000
1991-01-12	Perennial Ryegrass	23.0	-1	0	5216.3	0.0	0.0	166.8	5036.75	12.68	166.84	5049	2488.29	2727.97	5049.43	956.26	0.0	0.071	0.036	0.015	0.006	0.002	0.000
1991-01-13	Perennial Ryegrass	23.4	-1	0	5201.8	0.0	0.0	142.4	5050.27	9.10	142.44	5059	2479.29	2722.52	5059.38	952.57	0.0	0.070	0.035	0.015	0.006	0.002	0.000
1991-01-14	Perennial Ryegrass	23.9	-1	0	5190.7	0.0	0.0	120.8	5060.74	9.13	120.79	5070	2472.38	2718.28	5069.87	948.82	0.0	0.070	0.035	0.015	0.006	0.002	0.000
1991-01-15	Perennial Ryegrass	23.9	-1	0	5179.3	0.0	0.0	104.3	5065.87	9.16	104.28	5075	2465.31	2713.99	5075.02	945.05	0.0	0.070	0.035	0.015	0.006	0.002	0.000
1991-01-16	Perennial Ryegrass	23.0	-1	0	5167.9	0.0	0.0	94.0	5064.69	9.17	94.00	5074	2458.17	2709.69	5073.86	941.38	0.0	0.070	0.035	0.015	0.006	0.002	0.000
1991-01-17	Perennial Ryegrass	22.5	-1	0	5156.3	0.0	0.0	83.9	5063.25	9.17	83.86	5072	2450.92	2705.35	5072.42	937.76	0.0	0.069	0.035	0.015	0.006	0.002	0.000
1991-01-18	Perennial Ryegrass	22.7	-1	0	5144.5	0.0	0.0	73.1	5062.23	9.17	73.12	5071	2443.55	2700.98	5071.40	934.15	0.0	0.069	0.035	0.015	0.006	0.002	0.000
1991-01-19	Perennial Ryegrass	22.8	-1	0	5132.7	0.0	0.0	64.0	5059.53	9.17	63.98	5069	2436.09	2696.58	5068.69	930.54	0.0	0.069	0.035	0.015	0.006	0.002	0.000
1991-01-20	Perennial Ryegrass	23.0	-1	0	5120.7	0.0	0.0	55.9	5055.66	9.16	55.90	5065	2428.56	2692.16	5064.82	926.92	0.0	0.069	0.035	0.015	0.006	0.002	0.000
1991-01-21	Perennial Ryegrass	22.4	-1	0	5108.8	0.0	0.0	50.2	4775.30	283.27	50.20	5059	2421.04	2687.74	5058.58	923.37	0.0	0.068	0.034	0.015	0.006	0.002	0.000
1991-01-22	Perennial Ryegrass	22.2	-1	0	4822.8	0.0	0.0	44.8	4533.71	244.33	44.79	4778	2235.71	2587.12	4778.04	919.85	0.0	0.068	0.034	0.015	0.006	0.002	0.000
1991-01-23	Perennial Ryegrass	21.4	-1	0	4576.0	0.0	0.0	40.9	4254.64	280.48	40.86	4535	2078.09	2497.89	4535.12	916.44	0.0	0.068	0.034	0.015	0.006	0.002	0.000
1991-01-24	Perennial Ryegrass	21.7	-1	0	4293.0	0.0	0.0	35.9	4249.60	7.53	35.90	4257	1899.85	2393.19	4257.14	913.01	0.0	0.067	0.034	0.015	0.006	0.002	0.000
1991-01-25	Perennial Ryegrass	22.3	-1	0	4283.0	0.0	0.0	31.2	4244.26	7.52	31.25	4252	1893.81	2389.21	4251.78	909.46	0.0	0.067	0.034	0.015	0.006	0.002	0.000
1991-01-26	Perennial Ryegrass	22.2	-1	0	4273.0	0.0	0.0	27.8	4237.74	7.51	27.78	4245	1887.79	2385.24	4245.25	905.95	0.0	0.067	0.034	0.015	0.006	0.002	0.000
1991-01-27	Perennial Ryegrass	21.7	-1	0	4263.1	0.0	0.0	25.1	4230.47	7.50	25.09	4238	1881.78	2381.28	4237.98	902.49	0.0	0.067	0.034	0.015	0.006	0.002	0.000
1991-01-28	Perennial Ryegrass	21.2	-1	0	4253.1	0.0	0.0	22.8	4222.83	7.49	22.79	4230	1875.78	2377.32	4230.31	899.08	0.0	0.066	0.034	0.015	0.005	0.002	0.000
1991-01-29	Perennial Ryegrass	20.6	-1	0	4243.2	0.0	0.0	20.8	4214.91	7.47	20.78	4222	1869.79	2373.37	4222.38	895.71	0.0	0.066	0.033	0.014	0.005	0.002	0.000
1991-01-30	Perennial Ryegrass	20.1	-1	0	4233.2	0.0	0.0	19.0	4206.79	7.46	18.99	4214	1863.81	2369.43	4214.25	892.36	0.0	0.066	0.033	0.014	0.005	0.002	0.000
1991-01-31	Perennial Ryegrass	20.5	-1	0	4223.3	0.0	0.0	17.0	4198.94	7.44	16.95	4206	1857.84	2365.49	4206.38	888.90	0.0	0.066	0.033	0.014	0.005	0.002	0.000
1991-02-01	Perennial Ryegrass	20.6	-1	0	4213.4	0.0	0.0	15.2	4190.83	7.43	15.19	4198	1851.89	2361.56	4198.25	885.42	0.0	0.065	0.033	0.014	0.005	0.002	0.000
1991-02-02	Perennial Ryegrass	20.5	-1	0	4203.6	0.0	0.0	13.7	4182.46	7.41	13.72	4190	1845.96	2357.63	4189.87	881.96	0.0	0.065	0.033	0.014	0.005	0.002	0.000
1991-02-03	Perennial Ryegrass	20.9	-1	0	4193.7	0.0	0.0	12.2	4174.16	7.40	12.19	4182	1840.03	2353.71	4181.56	878.39	0.0	0.065	0.033	0.014	0.005	0.002	0.000
1991-02-04	Perennial Ryegrass	21.7	-1	0	4183.9	0.0	0.0	10.7	4165.87	7.38	10.68	4173	1834.12	2349.80	4173.25	874.68	0.0	0.065	0.033	0.014	0.005	0.002	0.000
1991-02-05	Perennial Ryegrass	22.9	-1	0	4174.1	0.0	0.0	9.2	4066.46	98.48	9.18	4165	1828.23	2345.89	4164.94	870.78	0.0	0.064	0.032	0.014	0.005	0.002	0.000
1991-02-06	Perennial Ryegrass	22.9	-1	0	4073.3	0.0	0.0	8.2	3875.71	189.42	8.16	4065	1766.11	2307.18	4065.13	867.03	0.0	0.064	0.032	0.014	0.005	0.002	0.000
1991-02-07	Perennial Ryegrass	23.0	-1	0	3881.6	0.0	0.0	7.2	3867.63	6.79	7.22	3874	1648.67	2232.97	3874.42	863.24	0.0	0.064	0.032	0.014	0.005	0.002	0.000
1991-02-08	Perennial Ryegrass	23.3	-1	0	3872.6	0.0	0.0	6.3	3859.51	6.77	6.34	3866	1643.36	2229.26	3866.28	859.40	0.0	0.064	0.032	0.014	0.005	0.002	0.000
1991-02-09	Perennial Ryegrass	23.6	-1	0	3863.6	0.0	0.0	5.6	3851.31	6.75	5.56	3858	1638.08	2225.55	3858.07	855.52	0.0	0.063	0.032	0.014	0.005	0.001	0.000
1991-02-10	Perennial Ryegrass	23.2	-1	0	3854.7	0.0	0.0	5.0	3842.93	6.74	4.99	3850	1632.81	2221.85	3849.66	851.79	0.0	0.063	0.032	0.014	0.005	0.001	0.000
1991-02-11	Perennial Ryegrass	23.2	-1	0	3845.7	0.0	0.0	4.4	3834.56	6.72	4.43	3841	1627.55	2218.16	3841.28	848.02	0.0	0.063	0.032	0.014	0.005	0.001	0.000
1991-02-12	Perennial Ryegrass	23.4	-1	0	3836.8	0.0	0.0	3.9	3826.18	6.71	3.89	3833	1622.31	2214.47	3832.89	844.19	0.0	0.062	0.031	0.014	0.005	0.001	0.000
1991-02-13	Perennial Ryegrass	23.5	-1	0	3827.9	0.0	0.0	3.4	3817.75	6.69	3.44	3824	1617.09	2210.79	3824.44	840.38	0.0	0.062	0.031	0.014	0.005	0.001	0.000
1991-02-14	Perennial Ryegrass	23.7	-1	0	3819.0	0.0	0.0	3.0	3809.29	6.67	3.03	3816	1611.88	2207.12	3815.97	836.51	0.0	0.062	0.031	0.014	0.005	0.001	0.000
1991-02-15	Perennial Ryegrass	23.4	-1	0	3810.1	0.0	0.0	2.7	3714.78	92.66	2.70	3807	1606.69	2203.45	3807.44	832.74	0.0	0.062	0.031	0.013	0.005	0.001	0.000
1991-02-16	Perennial Ryegrass	22.8	-1	0	3715.4	0.0	0.0	2.4	3706.44	6.47	2.45	3713	1549.72	2165.64	3712.91	829.10	0.0	0.061	0.031	0.013	0.005	0.001	0.000
1991-02-17	Perennial Ryegrass	21.6	-1	0	3706.8	0.0	0.0	2.3	3698.05	6.45	2.26	3705	1544.73	2162.04	3704.50	825.62	0.0	0.061	0.031	0.013	0.005	0.001	0.000
1991-02-18	Perennial Ryegrass	21.2	-1	0	3698.2	0.0	0.0	2.1	3689.71	6.44	2.06	3696	1539.75	2158.45	3696.15	822.12	0.0	0.061	0.031	0.013	0.005	0.001	0.000
1991-02-19	Perennial Ryegrass	21.3	-1	0	3689.7	0.0	0.0	1.8	3681.39	6.42	1.85	3688	1534.79	2154.86	3687.81	818.58	0.0	0.061	0.031	0.013	0.005	0.001	0.000
1991-02-20	Perennial Ryegrass	20.8	-1	0	3681.1	0.0	0.0	1.7	3673.05	6.41	1.68	3679	1529.85	2151.28	3679.45	815.16	0.0	0.060	0.030	0.013	0.005	0.001	0.000
1991-02-21	Perennial Ryegrass	21.0	-1	0	3672.6	0.0	0.0	1.5	3664.73	6.39	1.51	3671	1524.92	2147.71	3671.12	811.70	0.0	0.060	0.030	0.013	0.005	0.001	0.000
1991-02-22	Perennial Ryegrass	21.3	-1	0	3664.2	0.0	0.0	1.3	3614.44	48.37	1.34	3663	1520.01	2144.15	3662.81	808.20	0.0	0.060	0.030	0.013	0.005	0.001	0.000
1991-02-23	Perennial Ryegrass	21.4	-1	0	3613.7	0.0	0.0	1.2	3606.25	6.27	1.21	3613	1490.10	2123.63	3612.52	804.77	0.0	0.059	0.030	0.013	0.005	0.001	0.000
1991-02-24	Perennial Ryegrass	21.6	-1	0	3605.4	0.0	0.0	1.1	3598.07	6.26	1.08	3604	1485.30	2120.11	3604.33	801.31	0.0	0.059	0.030	0.013	0.005	0.001	0.000
1991-02-25	Perennial Ryegrass	22.0	-1	0	3597.1	0.0	0.0	1.0	3589.90	6.24	0.95	3596	1480.51	2116.59	3596.14	797.82	0.0	0.059	0.030	0.013	0.005	0.001	0.000
1991-02-26	Perennial Ryegrass	22.6	-1	0	3588.8	0.0	0.0	0.8	3581.75	6.23	0.84	3588	1475.74	2113.07	3587.98	794.24	0.0	0.059	0.030	0.013	0.005	0.001	0.000
1991-02-27	Perennial Ryegrass	21.9	-1	0	3580.6	0.0	0.0	0.8	3573.58	6.21	0.76	3580	1470.99	2109.57	3579.79	790.89	0.0	0.058	0.029	0.013	0.005	0.001	0.000
1991-02-28	Perennial Ryegrass	21.4	-1	0	3572.3	0.0	0.0	0.7	3565.43	6.19	0.69	3572	1466.25	2106.07	3571.62	787.59	0.0	0.058	0.029	0.013	0.005	0.001	0.000
1991-03-01	Perennial Ryegrass	20.2	-1	0	3564.1	0.0	0.0	0.6	3557.27	6.18	0.65	3563	1461.53	2102.57	3563.45	784.45	0.0	0.058	0.029	0.013	0.005	0.001	0.000
1991-03-02	Perennial Ryegrass	18.9	-1	0	3555.9	0.0	0.0	0.6	3549.13	6.16	0.61	3555	1456.82	2099.08	3555.29	781.43	0.0	0.058	0.029	0.013	0.005	0.001	0.000
1991-03-03	Perennial Ryegrass	18.5	-1	0	3547.7	0.0	0.0	0.6	3541.01	6.15	0.56	3547	1452.12	2095.60	3547.16	778.39	0.0	0.058	0.029	0.013	0.005	0.001	0.000
1991-03-04	Perennial Ryegrass	18.6	-1	0	3539.6	0.0	0.0	0.5	3532.93	6.13	0.51	3539	1447.45	2092.12	3539.06	775.31	0.0	0.057	0.029	0.013	0.005	0.001	0.000
1991-03-05	Perennial Ryegrass	19.1	-1	0	3531.4	0.0	0.0	0.5	3524.86	6.12	0.46	3531	1442.79	2088.65	3530.98	772.18	0.0	0.057	0.029	0.012	0.005	0.001	0.000
1991-03-06	Perennial Ryegrass	20.2	-1	0	3523.3	0.0	0.0	0.4	3516.82	6.10	0.41	3523	1438.14	2085.19	3522.92	768.91	0.0	0.057	0.029	0.012	0.005	0.001	0.000
1991-03-07	Perennial Ryegrass	21.2	-1	0	3515.2	0.0	0.0	0.4	3508.80	6.08	0.36	3515	1433.51	2081.73	3514.88	765.58	0.0	0.057	0.029	0.012	0.005	0.001	0.000
1991-03-08	Perennial Ryegrass	21.9	-1	0	3507.2	0.0	0.0	0.3	3500.79	6.07	0.31	3507	1428.89	2078.28	3506.85	762.23	0.0	0.056	0.028	0.012	0.005	0.001	0.000
1991-03-09	Perennial Ryegrass	21.9	-1	0	3499.1	0.0	0.0	0.3	3487.99	10.85	0.28	3499	1424.29	2074.83	3498.84	758.95	0.0	0.056	0.028	0.012	0.005	0.001	0.000
1991-03-10	Perennial Ryegrass	21.1	-1	0	3486.3	0.0	0.0	0.3	3480.01	6.03	0.26	3486	1416.88	2069.42	3486.04	755.83	0.0	0.056	0.028	0.012	0.005	0.001	0.000
1991-03-11	Perennial Ryegrass	20.6	-1	0	3478.3	0.0	0.0	0.2	3472.06	6.01	0.24	3478	1412.32	2065.99	3478.07	752.74	0.0	0.056	0.028	0.012	0.005	0.001	0.000
1991-03-12	Perennial Ryegrass	19.7	-1	0	3470.3	0.0	0.0	0.2	3464.12	6.00	0.22	3470	1407.77	2062.57	3470.12	749.77	0.0	0.055	0.028	0.012	0.005	0.001	0.000
1991-03-13	Perennial Ryegrass	18.9	-1	0	3462.4	0.0	0.0	0.2	3456.20	5.98	0.20	3462	1403.23	2059.15	3462.18	746.86	0.0	0.055	0.028	0.012	0.005	0.001	0.000
1991-03-14	Perennial Ryegrass	18.8	-1	0	3454.5	0.0	0.0	0.2	3427.76	26.51	0.19	3454	1398.72	2055.74	3454.27	743.93	0.0	0.055	0.028	0.012	0.005	0.001	0.000
1991-03-15	Perennial Ryegrass	18.8	-1	0	3426.0	0.0	0.0	0.2	3410.66	15.18	0.17	3426	1382.18	2043.84	3425.84	741.01	0.0	0.055	0.028	0.012	0.005	0.001	0.000
1991-03-16	Perennial Ryegrass	18.7	-1	0	3408.9	0.0	0.0	0.2	3402.88	5.88	0.16	3409	1372.31	2036.60	3408.75	738.12	0.0	0.055	0.028	0.012	0.005	0.001	0.000
1991-03-17	Perennial Ryegrass	18.8	-1	0	3401.1	0.0	0.0	0.1	3395.11	5.86	0.14	3401	1367.89	2033.23	3400.97	735.21	0.0	0.054	0.027	0.012	0.004	0.001	0.000
1991-03-18	Perennial Ryegrass	19.1	-1	0	3393.3	0.0	0.0	0.1	3387.37	5.85	0.13	3393	1363.48	2029.86	3393.22	732.29	0.0	0.054	0.027	0.012	0.004	0.001	0.000
1991-03-19	Perennial Ryegrass	19.6	-1	0	3385.6	0.0	0.0	0.1	3379.64	5.83	0.12	3385	1359.09	2026.50	3385.48	729.33	0.0	0.054	0.027	0.012	0.004	0.001	0.000
1991-03-20	Perennial Ryegrass	19.5	-1	0	3377.9	0.0	0.0	0.1	3371.94	5.82	0.11	3378	1354.72	2023.14	3377.76	726.45	0.0	0.054	0.027	0.012	0.004	0.001	0.000
1991-03-21	Perennial Ryegrass	19.2	-1	0	3370.1	0.0	0.0	0.1	3364.25	5.80	0.10	3370	1350.36	2019.79	3370.05	723.64	0.0	0.053	0.027	0.012	0.004	0.001	0.000
1991-03-22	Perennial Ryegrass	17.4	-1	0	3362.5	0.0	0.0	0.1	3356.58	5.79	0.09	3362	1346.01	2016.45	3362.36	721.05	0.0	0.053	0.027	0.012	0.004	0.001	0.000
1991-03-23	Perennial Ryegrass	16.9	-1	0	3354.8	0.0	0.0	0.1	3348.93	5.77	0.09	3355	1341.68	2013.11	3354.70	718.43	0.0	0.053	0.027	0.012	0.004	0.001	0.000
1991-03-24	Perennial Ryegrass	16.2	-1	0	3347.1	0.0	0.0	0.1	3341.29	5.76	0.08	3347	1337.36	2009.77	3347.05	715.90	0.0	0.053	0.027	0.012	0.004	0.001	0.000
1991-03-25	Perennial Ryegrass	16.2	-1	0	3339.5	0.0	0.0	0.1	3333.68	5.74	0.08	3339	1333.06	2006.45	3339.43	713.35	0.0	0.053	0.027	0.012	0.004	0.001	0.000
1991-03-26	Perennial Ryegrass	16.2	-1	0	3331.9	0.0	0.0	0.1	3326.09	5.73	0.07	3332	1328.77	2003.13	3331.82	710.79	0.0	0.053	0.026	0.011	0.004	0.001	0.000
1991-03-27	Perennial Ryegrass	16.3	-1	0	3324.3	0.0	0.0	0.1	3318.52	5.71	0.07	3324	1324.49	1999.81	3324.24	708.25	0.0	0.052	0.026	0.011	0.004	0.001	0.000
1991-03-28	Perennial Ryegrass	16.2	-1	0	3316.7	0.0	0.0	0.1	3310.97	5.70	0.06	3317	1320.23	1996.50	3316.67	705.75	0.0	0.052	0.026	0.011	0.004	0.001	0.000
1991-03-29	Perennial Ryegrass	16.5	-1	0	3309.2	0.0	0.0	0.1	3160.53	148.59	0.06	3309	1315.98	1993.20	3309.12	703.22	0.0	0.052	0.026	0.011	0.004	0.001	0.000
1991-03-30	Perennial Ryegrass	16.3	-1	0	3158.8	0.0	0.0	0.1	3071.17	87.60	0.05	3159	1229.05	1929.78	3158.77	700.78	0.0	0.052	0.026	0.011	0.004	0.001	0.000
1991-03-31	Perennial Ryegrass	16.2	-1	0	3069.5	0.0	0.0	0.0	3064.25	5.22	0.05	3069	1178.24	1891.27	3069.47	698.65	0.0	0.052	0.026	0.011	0.004	0.001	0.000
1991-04-01	Perennial Ryegrass	16.2	-1	0	3071.9	0.0	9.3	0.0	3021.32	41.23	9.31	3063	1181.40	1890.46	3062.55	678.30	0.0	0.050	0.025	0.011	0.004	0.001	0.000
1991-04-02	Perennial Ryegrass	16.2	-1	0	3038.0	0.0	18.3	0.0	3014.52	5.12	18.33	3020	1162.72	1875.26	3019.65	664.81	0.0	0.049	0.025	0.011	0.004	0.001	0.000
1991-04-03	Perennial Ryegrass	16.2	-1	0	3041.4	0.0	28.5	0.0	3007.75	5.11	28.51	3013	1166.12	1875.24	3012.85	651.65	0.0	0.048	0.024	0.011	0.004	0.001	0.000
1991-04-04	Perennial Ryegrass	16.2	-1	0	3046.3	0.0	40.2	0.0	3000.99	5.10	40.26	3006	1170.68	1875.66	3006.08	638.74	0.0	0.047	0.024	0.010	0.004	0.001	0.000
1991-04-05	Perennial Ryegrass	16.2	-1	0	3051.2	0.0	51.8	0.0	2994.25	5.08	51.83	2999	1175.18	1875.98	2999.33	626.06	0.0	0.046	0.023	0.010	0.004	0.001	0.000
1991-04-06	Perennial Ryegrass	16.2	-1	0	3059.0	0.0	66.4	0.0	2987.52	5.07	66.40	2993	1181.94	1877.05	2992.59	613.70	0.0	0.045	0.023	0.010	0.004	0.001	0.000
1991-04-07	Perennial Ryegrass	16.2	-1	0	3068.3	0.0	82.4	0.0	2980.81	5.06	82.42	2986	1189.72	1878.58	2985.87	601.76	0.0	0.044	0.022	0.010	0.004	0.001	0.000
1991-04-08	Perennial Ryegrass	16.2	-1	0	3079.4	0.0	100.2	0.0	2974.12	5.04	100.22	2979	1198.80	1880.58	2979.17	590.19	0.0	0.044	0.022	0.010	0.004	0.001	0.000
1991-04-09	Perennial Ryegrass	16.2	-1	0	3090.8	0.0	118.3	0.0	2967.45	5.03	118.37	2972	1208.19	1882.66	2972.48	578.93	0.0	0.043	0.022	0.009	0.004	0.001	0.000
1991-04-10	Perennial Ryegrass	16.2	-1	0	3104.3	0.0	138.4	0.0	2960.79	5.02	138.45	2966	1219.03	1885.23	2965.81	568.06	0.0	0.042	0.021	0.009	0.003	0.001	0.000
1991-04-11	Perennial Ryegrass	16.2	-1	0	3116.3	0.0	157.1	0.0	2946.30	12.86	157.11	2959	1228.89	1887.38	2959.16	557.40	0.0	0.041	0.021	0.009	0.003	0.001	0.000
1991-04-12	Perennial Ryegrass	16.2	-1	0	3121.2	0.0	176.5	0.0	2939.70	4.98	176.55	2945	1234.93	1886.29	2944.68	547.06	0.0	0.040	0.020	0.009	0.003	0.001	0.000
1991-04-13	Perennial Ryegrass	16.2	-1	0	3135.9	0.0	197.8	0.0	2933.11	4.97	197.79	2938	1246.71	1889.15	2938.08	537.09	0.0	0.040	0.020	0.009	0.003	0.001	0.000
1991-04-14	Perennial Ryegrass	16.2	-1	0	3142.2	0.0	210.7	0.0	2870.84	60.65	210.69	2931	1252.46	1889.73	2931.49	526.85	0.0	0.039	0.020	0.009	0.003	0.001	0.000
1991-04-15	Perennial Ryegrass	16.2	-1	0	3096.7	0.0	227.4	0.0	2864.43	4.83	227.40	2869	1229.99	1866.67	2869.27	517.18	0.0	0.038	0.019	0.008	0.003	0.001	0.000
1991-04-16	Perennial Ryegrass	16.2	-1	0	3115.7	0.0	252.8	0.0	2858.04	4.82	252.84	2863	1244.99	1870.71	2862.86	510.42	0.0	0.038	0.019	0.008	0.003	0.001	0.000
1991-04-17	Perennial Ryegrass	16.2	-1	0	3133.9	0.0	276.0	0.0	2853.04	4.81	276.06	2858	1259.30	1874.61	2857.85	505.30	0.0	0.037	0.019	0.008	0.003	0.001	0.000
1991-04-18	Perennial Ryegrass	16.2	-1	0	3150.4	0.0	298.9	0.0	2846.67	4.80	298.91	2851	1272.37	1878.02	2851.47	498.37	0.0	0.037	0.019	0.008	0.003	0.001	0.000
1991-04-19	Perennial Ryegrass	16.2	-1	0	3167.3	0.0	322.1	0.0	2840.32	4.79	322.15	2845	1285.68	1881.57	2845.11	494.97	0.0	0.037	0.018	0.008	0.003	0.001	0.000
1991-04-20	Perennial Ryegrass	16.2	-1	0	3182.3	0.0	343.6	0.0	2833.99	4.78	343.58	2839	1297.69	1884.65	2838.76	487.98	0.0	0.036	0.018	0.008	0.003	0.001	0.000
1991-04-21	Perennial Ryegrass	16.2	-1	0	3198.3	0.0	365.8	0.0	2827.67	4.76	365.86	2832	1310.33	1887.96	2832.43	483.95	0.0	0.036	0.018	0.008	0.003	0.001	0.000
1991-04-22	Perennial Ryegrass	16.2	-1	0	3211.7	0.0	385.0	0.0	2821.96	4.75	385.04	2827	1321.11	1890.63	2826.71	479.33	0.0	0.035	0.018	0.008	0.003	0.001	0.000
1991-04-23	Perennial Ryegrass	16.2	-1	0	3225.6	0.0	400.6	0.0	2820.23	4.74	400.60	2825	1332.21	1893.36	2824.98	476.07	0.0	0.035	0.018	0.008	0.003	0.001	0.000
1991-04-24	Perennial Ryegrass	16.2	-1	0	3239.0	0.0	420.3	0.0	2813.95	4.74	420.31	2819	1343.02	1895.98	2819.31	471.85	0.0	0.035	0.018	0.008	0.003	0.001	0.000
1991-04-25	Perennial Ryegrass	16.2	-1	0	3251.8	0.0	439.4	0.0	2718.28	94.13	439.40	2812	1353.33	1898.48	2833.64	469.91	0.0	0.035	0.018	0.008	0.003	0.001	0.000
1991-04-26	Perennial Ryegrass	16.2	-1	0	3176.6	0.0	459.8	0.0	2651.10	65.69	459.82	2717	1315.49	1861.13	2758.03	463.08	0.0	0.034	0.017	0.007	0.003	0.001	0.000
1991-04-27	Perennial Ryegrass	16.2	-1	0	3132.3	0.0	482.6	0.0	2643.49	6.18	482.62	2650	1295.37	1836.91	2712.44	460.99	0.0	0.034	0.017	0.007	0.003	0.001	0.000
1991-04-28	Perennial Ryegrass	16.2	-1	0	3144.9	0.0	502.8	0.0	2637.64	4.40	502.85	2642	1305.76	1839.13	2728.13	458.12	0.0	0.034	0.017	0.007	0.003	0.001	0.000
1991-04-29	Perennial Ryegrass	16.2	-1	0	3158.1	0.0	521.9	0.0	2631.82	4.39	521.88	2636	1316.26	1841.82	2742.95	454.90	0.0	0.034	0.017	0.007	0.003	0.001	0.000
1991-04-30	Perennial Ryegrass	16.2	-1	0	3172.8	0.0	542.4	0.0	2626.00	4.38	542.39	2630	1327.80	1844.96	2757.05	452.93	0.0	0.033	0.017	0.007	0.003	0.001	0.000
1991-05-01	Perennial Ryegrass	16.2	-1	0	3185.1	0.0	560.5	0.0	2620.20	4.37	560.53	2625	1337.64	1847.46	2771.72	450.41	0.0	0.033	0.017	0.007	0.003	0.001	0.000
1991-05-02	Perennial Ryegrass	16.2	-1	0	3196.4	0.0	577.7	0.0	2614.42	4.36	577.66	2619	1346.75	1849.69	2784.21	448.59	0.0	0.033	0.017	0.007	0.003	0.001	0.000
1991-05-03	Perennial Ryegrass	16.2	-1	0	3206.8	0.0	592.8	0.0	2609.62	4.35	592.80	2614	1355.15	1851.62	2796.29	447.56	0.0	0.033	0.017	0.007	0.003	0.001	0.000
1991-05-04	Perennial Ryegrass	16.2	-1	0	3216.8	0.0	607.4	0.0	2605.02	4.34	607.41	2609	1363.31	1853.45	2806.91	445.88	0.0	0.033	0.017	0.007	0.003	0.001	0.000
1991-05-05	Perennial Ryegrass	16.2	-1	0	3226.6	0.0	622.7	0.0	2599.51	4.33	622.74	2604	1371.34	1855.24	2816.49	443.68	0.0	0.033	0.017	0.007	0.003	0.001	0.000
1991-05-06	Perennial Ryegrass	16.2	-1	0	3236.6	0.0	638.5	0.0	2593.86	4.32	638.45	2598	1379.52	1857.11	2826.54	441.54	0.0	0.033	0.016	0.007	0.003	0.001	0.000
1991-05-07	Perennial Ryegrass	16.2	-1	0	3246.7	0.0	654.3	0.0	2588.14	4.31	654.29	2592	1387.72	1859.02	2836.82	439.23	0.0	0.032	0.016	0.007	0.003	0.001	0.000
1991-05-08	Perennial Ryegrass	16.2	-1	0	3256.3	0.0	669.6	0.0	2549.86	36.88	669.59	2587	1395.54	1860.79	2846.98	437.51	0.0	0.032	0.016	0.007	0.003	0.001	0.000
1991-05-09	Perennial Ryegrass	16.2	-1	0	3232.3	0.0	683.9	0.0	2528.16	20.32	683.86	2548	1385.25	1847.09	2823.82	434.31	0.0	0.032	0.016	0.007	0.003	0.001	0.000
1991-05-10	Perennial Ryegrass	16.2	-1	0	3225.2	0.0	698.4	0.0	2522.61	4.19	698.36	2527	1384.01	1841.14	2816.67	433.68	0.0	0.032	0.016	0.007	0.003	0.001	0.000
1991-05-11	Perennial Ryegrass	16.2	-1	0	3233.1	0.0	711.7	0.0	2517.18	4.18	711.75	2521	1390.65	1842.45	2825.43	432.13	0.0	0.032	0.016	0.007	0.003	0.001	0.000
1991-05-12	Perennial Ryegrass	16.2	-1	0	3241.2	0.0	725.3	0.0	2511.67	4.17	725.34	2516	1397.36	1843.81	2833.53	431.57	0.0	0.032	0.016	0.007	0.003	0.001	0.000
1991-05-13	Perennial Ryegrass	16.2	-1	0	3248.3	0.0	737.9	0.0	2506.16	4.16	737.95	2510	1403.38	1844.88	2841.31	429.42	0.0	0.032	0.016	0.007	0.003	0.001	0.000
1991-05-14	Perennial Ryegrass	16.2	-1	0	3255.5	0.0	750.6	0.0	2500.66	4.15	750.65	2505	1409.47	1845.99	2848.57	428.27	0.0	0.032	0.016	0.007	0.003	0.001	0.000
1991-05-15	Perennial Ryegrass	16.2	-1	0	3262.4	0.0	763.1	0.0	2495.18	4.14	763.06	2499	1415.35	1847.02	2855.76	427.17	0.0	0.032	0.016	0.007	0.003	0.001	0.000
1991-05-16	Perennial Ryegrass	16.2	-1	0	3268.8	0.0	775.0	0.0	2489.71	4.12	774.95	2494	1420.87	1847.91	2862.55	426.14	0.0	0.032	0.016	0.007	0.003	0.001	0.000
1991-05-17	Perennial Ryegrass	16.2	-1	0	3275.0	0.0	786.6	0.0	2484.25	4.11	786.60	2488	1426.22	1848.74	2868.95	424.40	0.0	0.031	0.016	0.007	0.003	0.001	0.000
1991-05-18	Perennial Ryegrass	16.2	-1	0	3280.8	0.0	797.9	0.0	2478.81	4.10	797.87	2483	1431.32	1849.47	2875.05	422.68	0.0	0.031	0.016	0.007	0.003	0.001	0.000
1991-05-19	Perennial Ryegrass	16.2	-1	0	3286.6	0.0	809.2	0.0	2473.38	4.09	809.16	2477	1436.42	1850.21	2880.97	420.30	0.0	0.031	0.016	0.007	0.003	0.001	0.000
1991-05-20	Perennial Ryegrass	16.2	-1	0	3292.3	0.0	820.2	0.0	2401.72	70.33	820.22	2472	1441.37	1850.89	2886.79	418.51	0.0	0.031	0.016	0.007	0.003	0.001	0.000
1991-05-21	Perennial Ryegrass	16.2	-1	0	3232.6	0.0	832.2	0.0	2279.05	121.38	832.16	2400	1412.15	1820.44	2826.76	414.59	0.0	0.031	0.016	0.007	0.003	0.001	0.000
1991-05-22	Perennial Ryegrass	16.2	-1	0	3126.2	0.0	848.3	0.0	2184.63	93.21	848.35	2278	1359.80	1766.39	2718.40	414.05	0.0	0.030	0.016	0.007	0.003	0.001	0.000
1991-05-23	Perennial Ryegrass	16.2	-1	0	3048.1	0.0	864.7	0.0	2179.92	3.54	864.68	2183	1323.19	1724.96	2640.45	413.64	0.0	0.030	0.015	0.007	0.003	0.001	0.000
1991-05-24	Perennial Ryegrass	16.2	-1	0	3058.6	0.0	879.8	0.0	2175.23	3.54	879.80	2179	1331.40	1727.16	2651.57	414.12	0.0	0.031	0.016	0.007	0.003	0.001	0.000
1991-05-25	Perennial Ryegrass	16.2	-1	0	3068.2	0.0	894.1	0.0	2170.54	3.53	894.09	2174	1339.04	1729.12	2661.67	412.72	0.0	0.030	0.015	0.007	0.003	0.001	0.000
1991-05-26	Perennial Ryegrass	16.2	-1	0	3077.3	0.0	907.9	0.0	2165.87	3.52	907.92	2169	1346.36	1730.95	2671.13	411.39	0.0	0.030	0.015	0.007	0.003	0.001	0.000
1991-05-27	Perennial Ryegrass	16.2	-1	0	3086.1	0.0	921.4	0.0	2161.21	3.51	921.35	2165	1353.40	1732.67	2680.16	412.72	0.0	0.030	0.015	0.007	0.003	0.001	0.000
1991-05-28	Perennial Ryegrass	16.2	-1	0	3094.1	0.0	934.0	0.0	2156.56	3.50	934.01	2160	1359.91	1734.17	2688.58	413.33	0.0	0.031	0.015	0.007	0.003	0.001	0.000
1991-05-29	Perennial Ryegrass	16.2	-1	0	3102.6	0.0	947.2	0.0	2150.54	4.88	947.19	2155	1366.78	1735.83	2696.97	413.48	0.0	0.031	0.015	0.007	0.003	0.001	0.000
1991-05-30	Perennial Ryegrass	16.2	-1	0	3109.0	0.0	959.6	0.0	2145.92	3.48	959.57	2149	1372.40	1736.56	2703.74	413.66	0.0	0.031	0.015	0.007	0.003	0.001	0.000
1991-05-31	Perennial Ryegrass	16.2	-1	0	3116.2	0.0	971.5	0.0	2141.31	3.47	971.46	2145	1378.38	1737.85	2711.28	413.66	0.0	0.031	0.015	0.007	0.003	0.001	0.000
1991-06-01	Perennial Ryegrass	16.2	-1	0	3123.5	0.0	983.4	0.0	2136.72	3.46	983.35	2140	1384.38	1739.16	2718.64	413.83	0.0	0.031	0.015	0.007	0.003	0.001	0.000
1991-06-02	Perennial Ryegrass	16.2	-1	0	3130.6	0.0	995.0	0.0	2132.13	3.46	994.98	2136	1390.18	1740.38	2725.83	413.11	0.0	0.031	0.015	0.007	0.003	0.001	0.000
1991-06-03	Perennial Ryegrass	16.2	-1	0	3138.3	0.0	1007.3	0.0	2124.82	6.18	1007.31	2131	1396.47	1741.84	2733.35	410.65	0.0	0.030	0.015	0.007	0.003	0.001	0.000
1991-06-04	Perennial Ryegrass	16.2	-1	0	3140.7	0.0	1017.0	0.0	2120.26	3.43	1017.03	2124	1399.60	1741.12	2736.86	411.33	0.0	0.030	0.015	0.007	0.003	0.001	0.000
1991-06-05	Perennial Ryegrass	16.2	-1	0	3144.0	0.0	1024.9	0.0	2115.72	3.43	1024.87	2119	1402.81	1741.20	2740.93	412.24	0.0	0.030	0.015	0.007	0.003	0.001	0.000
1991-06-06	Perennial Ryegrass	16.2	-1	0	3146.6	0.0	1032.0	0.0	2070.81	43.79	1031.99	2115	1405.53	1741.06	2743.81	413.27	0.0	0.031	0.015	0.007	0.003	0.001	0.000
1991-06-07	Perennial Ryegrass	16.2	-1	0	3108.9	0.0	1039.2	0.0	1945.95	123.76	1039.20	2070	1388.36	1720.55	2706.12	414.91	0.0	0.031	0.016	0.007	0.003	0.001	0.000
1991-06-08	Perennial Ryegrass	16.2	-1	0	2995.0	0.0	1050.0	0.0	1889.27	55.66	1050.03	1945	1334.70	1660.26	2590.79	418.32	0.0	0.031	0.016	0.007	0.003	0.001	0.000
1991-06-09	Perennial Ryegrass	16.2	-1	0	2949.2	0.0	1061.0	0.0	1810.70	77.58	1060.96	1888	1315.23	1634.01	2545.08	421.76	0.0	0.031	0.016	0.007	0.003	0.001	0.000
1991-06-10	Perennial Ryegrass	16.2	-1	0	2880.9	0.0	1071.1	0.0	1739.46	70.29	1071.11	1810	1285.26	1595.61	2477.04	424.90	0.0	0.031	0.016	0.007	0.003	0.001	0.000
1991-06-11	Perennial Ryegrass	16.2	-1	0	2821.7	0.0	1083.2	0.0	1656.03	82.53	1083.18	1739	1260.67	1561.08	2417.24	428.81	0.0	0.032	0.016	0.007	0.003	0.001	0.000
1991-06-12	Perennial Ryegrass	16.2	-1	0	2749.2	0.0	1094.0	0.0	1562.71	92.47	1094.02	1655	1230.29	1518.90	2345.19	432.24	0.0	0.032	0.016	0.007	0.003	0.001	0.000
1991-06-13	Perennial Ryegrass	16.2	-1	0	2669.1	0.0	1107.2	0.0	1559.49	2.42	1107.20	1562	1197.98	1471.12	2264.28	436.62	0.0	0.032	0.016	0.007	0.003	0.001	0.000
1991-06-14	Perennial Ryegrass	16.2	-1	0	2676.9	0.0	1118.2	0.0	1556.27	2.41	1118.24	1559	1204.18	1472.75	2272.94	440.13	0.0	0.033	0.016	0.007	0.003	0.001	0.000
1991-06-15	Perennial Ryegrass	16.2	-1	0	2683.0	0.0	1127.5	0.0	1553.07	2.41	1127.50	1555	1209.17	1473.81	2279.67	442.92	0.0	0.033	0.017	0.007	0.003	0.001	0.000
1991-06-16	Perennial Ryegrass	16.2	-1	0	2688.6	0.0	1136.3	0.0	1549.87	2.40	1136.32	1552	1213.85	1474.74	2285.46	445.52	0.0	0.033	0.017	0.007	0.003	0.001	0.000
1991-06-17	Perennial Ryegrass	16.2	-1	0	2692.6	0.0	1143.5	0.0	1546.68	2.39	1143.51	1549	1217.42	1475.16	2290.05	447.47	0.0	0.033	0.017	0.007	0.003	0.001	0.000
1991-06-18	Perennial Ryegrass	16.2	-1	0	2695.0	0.0	1149.1	0.0	1543.50	2.39	1149.12	1546	1219.93	1475.08	2293.05	448.79	0.0	0.033	0.017	0.007	0.003	0.001	0.000
1991-06-19	Perennial Ryegrass	16.2	-1	0	2696.4	0.0	1153.7	0.0	1540.33	2.38	1153.72	1543	1221.74	1474.68	2294.83	449.70	0.0	0.033	0.017	0.007	0.003	0.001	0.000
1991-06-20	Perennial Ryegrass	16.2	-1	0	2697.9	0.0	1158.3	0.0	1537.16	2.38	1158.33	1540	1223.57	1474.29	2296.27	450.63	0.0	0.033	0.017	0.007	0.003	0.001	0.000
1991-06-21	Perennial Ryegrass	16.2	-1	0	2699.3	0.0	1163.0	0.0	1534.00	2.37	1162.97	1536	1225.42	1473.92	2297.74	451.57	0.0	0.033	0.017	0.007	0.003	0.001	0.000
1991-06-22	Perennial Ryegrass	16.2	-1	0	2700.1	0.0	1166.9	0.0	1530.85	2.37	1166.91	1533	1226.80	1473.32	2298.77	452.23	0.0	0.034	0.017	0.007	0.003	0.001	0.000
1991-06-23	Perennial Ryegrass	16.2	-1	0	2701.3	0.0	1171.2	0.0	1510.58	19.49	1171.22	1530	1228.44	1472.85	2299.81	453.05	0.0	0.034	0.017	0.007	0.003	0.001	0.000
1991-06-24	Perennial Ryegrass	16.2	-1	0	2685.1	0.0	1175.3	0.0	1507.48	2.33	1175.25	1510	1222.58	1462.48	2283.68	453.75	0.0	0.034	0.017	0.007	0.003	0.001	0.000
1991-06-25	Perennial Ryegrass	16.2	-1	0	2687.1	0.0	1180.4	0.0	1504.39	2.32	1180.36	1507	1224.78	1462.29	2285.33	454.89	0.0	0.034	0.017	0.007	0.003	0.001	0.000
1991-06-26	Perennial Ryegrass	16.2	-1	0	2689.2	0.0	1185.6	0.0	1501.31	2.32	1185.57	1504	1227.06	1462.13	2287.42	456.07	0.0	0.034	0.017	0.007	0.003	0.001	0.000
1991-06-27	Perennial Ryegrass	16.2	-1	0	2690.1	0.0	1189.6	0.0	1498.23	2.31	1189.58	1501	1228.53	1461.59	2288.76	456.76	0.0	0.034	0.017	0.007	0.003	0.001	0.000
1991-06-28	Perennial Ryegrass	16.2	-1	0	2691.2	0.0	1193.7	0.0	1466.65	30.82	1193.70	1497	1230.08	1461.09	2289.78	457.50	0.0	0.034	0.017	0.007	0.003	0.001	0.000
1991-06-29	Perennial Ryegrass	16.2	-1	0	2663.7	0.0	1197.8	0.0	1440.33	25.57	1197.84	1466	1219.59	1444.16	2262.36	458.25	0.0	0.034	0.017	0.007	0.003	0.001	0.000
1991-06-30	Perennial Ryegrass	16.2	-1	0	2641.8	0.0	1202.2	0.0	1435.65	3.95	1202.22	1440	1211.60	1430.22	2240.36	459.11	0.0	0.034	0.017	0.007	0.003	0.001	0.000
1991-07-01	Perennial Ryegrass	16.2	-1	0	2640.6	0.0	1205.7	0.0	1432.72	2.20	1205.67	1435	1212.04	1428.54	2239.44	459.58	0.0	0.034	0.017	0.007	0.003	0.001	0.000
1991-07-02	Perennial Ryegrass	16.2	-1	0	2641.0	0.0	1209.0	0.0	1429.81	2.19	1209.00	1432	1213.14	1427.86	2239.89	460.01	0.0	0.034	0.017	0.007	0.003	0.001	0.000
1991-07-03	Perennial Ryegrass	16.2	-1	0	2641.7	0.0	1212.7	0.0	1425.16	3.92	1212.65	1429	1214.46	1427.28	2240.52	460.58	0.0	0.034	0.017	0.007	0.003	0.001	0.000
1991-07-04	Perennial Ryegrass	16.2	-1	0	2640.4	0.0	1216.0	0.0	1386.94	37.50	1215.98	1424	1214.85	1425.58	2239.33	461.02	0.0	0.034	0.017	0.007	0.003	0.001	0.000
1991-07-05	Perennial Ryegrass	16.2	-1	0	2605.8	0.0	1219.5	0.0	1373.83	12.41	1219.53	1386	1201.53	1404.25	2204.60	461.56	0.0	0.034	0.017	0.007	0.003	0.001	0.000
1991-07-06	Perennial Ryegrass	16.2	-1	0	2596.1	0.0	1223.0	0.0	1369.40	3.74	1222.97	1373	1198.57	1397.54	2194.98	462.07	0.0	0.034	0.017	0.007	0.003	0.001	0.000
1991-07-07	Perennial Ryegrass	16.2	-1	0	2594.7	0.0	1226.0	0.0	1366.62	2.08	1225.96	1369	1198.84	1395.82	2193.69	462.39	0.0	0.034	0.017	0.007	0.003	0.001	0.000
1991-07-08	Perennial Ryegrass	16.2	-1	0	2594.5	0.0	1228.6	0.0	1305.32	60.62	1228.60	1366	1199.55	1394.98	2193.67	462.58	0.0	0.034	0.017	0.007	0.003	0.001	0.000
1991-07-09	Perennial Ryegrass	16.2	-1	0	2536.8	0.0	1232.2	0.0	1243.89	60.77	1232.17	1305	1177.25	1359.58	2135.67	463.17	0.0	0.034	0.017	0.007	0.003	0.001	0.000
1991-07-10	Perennial Ryegrass	16.2	-1	0	2479.8	0.0	1236.5	0.0	1167.79	75.48	1236.52	1243	1156.01	1323.78	2078.37	464.10	0.0	0.034	0.017	0.007	0.003	0.001	0.000
1991-07-11	Perennial Ryegrass	16.2	-1	0	2409.5	0.0	1242.3	0.0	1105.80	61.41	1242.34	1167	1130.75	1278.79	2007.66	465.66	0.0	0.035	0.017	0.007	0.003	0.001	0.000
1991-07-12	Perennial Ryegrass	16.2	-1	0	2353.8	0.0	1248.5	0.0	1070.12	35.14	1248.54	1105	1112.01	1241.79	1951.80	467.39	0.0	0.035	0.017	0.007	0.003	0.001	0.000
1991-07-13	Perennial Ryegrass	16.2	-1	0	2323.2	0.0	1253.6	0.0	1064.35	5.24	1253.64	1070	1102.67	1220.56	1921.60	468.65	0.0	0.035	0.017	0.007	0.003	0.001	0.000
1991-07-14	Perennial Ryegrass	16.2	-1	0	2321.6	0.0	1257.7	0.0	1048.43	15.39	1257.72	1064	1103.43	1218.12	1920.25	469.48	0.0	0.035	0.017	0.007	0.003	0.001	0.000
1991-07-15	Perennial Ryegrass	16.2	-1	0	2309.1	0.0	1261.1	0.0	1046.38	1.54	1261.14	1048	1100.18	1208.88	1907.97	470.02	0.0	0.035	0.017	0.007	0.003	0.001	0.000
1991-07-16	Perennial Ryegrass	16.2	-1	0	2309.8	0.0	1263.9	0.0	1043.12	2.75	1263.90	1046	1101.36	1208.40	1908.89	470.29	0.0	0.035	0.017	0.007	0.003	0.001	0.000
1991-07-17	Perennial Ryegrass	16.2	-1	0	2308.7	0.0	1266.1	0.0	1041.08	1.53	1266.05	1043	1101.71	1206.94	1907.97	470.31	0.0	0.035	0.017	0.007	0.003	0.001	0.000
1991-07-18	Perennial Ryegrass	16.2	-1	0	2308.4	0.0	1267.8	0.0	1039.04	1.52	1267.84	1041	1102.25	1206.16	1907.84	470.18	0.0	0.035	0.017	0.007	0.003	0.001	0.000
1991-07-19	Perennial Ryegrass	16.2	-1	0	2308.5	0.0	1269.9	0.0	1037.01	1.52	1269.94	1039	1102.98	1205.48	1907.80	470.18	0.0	0.035	0.017	0.007	0.003	0.001	0.000
1991-07-20	Perennial Ryegrass	16.2	-1	0	2308.7	0.0	1272.2	0.0	1034.98	1.52	1272.23	1036	1103.86	1204.87	1908.01	470.25	0.0	0.035	0.017	0.007	0.003	0.001	0.000
1991-07-21	Perennial Ryegrass	16.2	-1	0	2308.5	0.0	1274.0	0.0	1032.96	1.51	1273.99	1034	1104.38	1204.08	1907.91	470.11	0.0	0.035	0.017	0.007	0.003	0.001	0.000
1991-07-22	Perennial Ryegrass	16.2	-1	0	2308.1	0.0	1275.7	0.0	1026.29	6.16	1275.69	1032	1104.86	1203.28	1907.61	469.94	0.0	0.035	0.017	0.007	0.003	0.001	0.000
1991-07-23	Perennial Ryegrass	16.2	-1	0	2302.9	0.0	1277.2	0.0	1024.29	1.50	1277.15	1026	1103.57	1199.37	1902.48	469.68	0.0	0.035	0.017	0.007	0.003	0.001	0.000
1991-07-24	Perennial Ryegrass	16.2	-1	0	2302.4	0.0	1278.6	0.0	1022.29	1.50	1278.59	1024	1103.88	1198.49	1901.92	469.42	0.0	0.035	0.017	0.007	0.003	0.001	0.000
1991-07-25	Perennial Ryegrass	16.2	-1	0	2301.7	0.0	1280.0	0.0	1020.29	1.49	1279.97	1022	1104.15	1197.60	1901.32	469.13	0.0	0.035	0.017	0.007	0.003	0.001	0.000
1991-07-26	Perennial Ryegrass	16.2	-1	0	2300.8	0.0	1281.0	0.0	1018.30	1.49	1281.05	1020	1104.23	1196.61	1900.50	468.73	0.0	0.035	0.017	0.007	0.003	0.001	0.000
1991-07-27	Perennial Ryegrass	16.2	-1	0	2299.9	0.0	1282.1	0.0	1012.85	4.95	1282.14	1018	1104.31	1195.63	1899.60	468.34	0.0	0.035	0.017	0.007	0.003	0.001	0.000
1991-07-28	Perennial Ryegrass	16.2	-1	0	2295.7	0.0	1283.4	0.0	1010.87	1.48	1283.39	1012	1103.32	1192.43	1895.36	468.02	0.0	0.035	0.017	0.007	0.003	0.001	0.000
1991-07-29	Perennial Ryegrass	16.2	-1	0	2295.6	0.0	1285.2	0.0	1008.90	1.48	1285.19	1010	1103.89	1191.69	1895.01	467.93	0.0	0.035	0.017	0.007	0.003	0.001	0.000
1991-07-30	Perennial Ryegrass	16.2	-1	0	2295.4	0.0	1286.9	0.0	1006.94	1.47	1286.95	1008	1104.43	1190.93	1894.81	467.83	0.0	0.035	0.017	0.007	0.003	0.001	0.000
1991-07-31	Perennial Ryegrass	16.2	-1	0	2294.9	0.0	1288.5	0.0	1001.01	5.44	1288.46	1006	1104.81	1190.10	1894.44	467.62	0.0	0.035	0.017	0.007	0.003	0.001	0.000
1991-08-01	Perennial Ryegrass	16.2	-1	0	2290.8	0.0	1290.3	0.0	999.06	1.46	1290.28	1001	1104.04	1186.76	1890.23	467.54	0.0	0.035	0.017	0.007	0.003	0.001	0.000
1991-08-02	Perennial Ryegrass	16.2	-1	0	2290.3	0.0	1291.8	0.0	997.11	1.46	1291.77	999	1104.41	1185.92	1889.88	467.32	0.0	0.035	0.017	0.007	0.003	0.001	0.000
1991-08-03	Perennial Ryegrass	16.2	-1	0	2290.1	0.0	1293.4	0.0	995.17	1.45	1293.43	997	1104.91	1185.15	1889.54	467.17	0.0	0.035	0.017	0.007	0.003	0.001	0.000
1991-08-04	Perennial Ryegrass	16.2	-1	0	2290.7	0.0	1296.0	0.0	972.22	22.46	1295.97	995	1105.99	1184.67	1889.87	467.40	0.0	0.035	0.017	0.007	0.003	0.001	0.000
1991-08-05	Perennial Ryegrass	16.2	-1	0	2270.6	0.0	1298.8	0.0	921.42	50.33	1298.82	972	1100.17	1170.40	1869.69	467.75	0.0	0.035	0.017	0.007	0.003	0.001	0.000
1991-08-06	Perennial Ryegrass	16.2	-1	0	2223.7	0.0	1302.7	0.0	919.64	1.33	1302.68	921	1085.83	1137.82	1822.47	468.56	0.0	0.035	0.017	0.007	0.003	0.001	0.000
1991-08-07	Perennial Ryegrass	16.2	-1	0	2225.3	0.0	1306.1	0.0	887.72	31.48	1306.07	919	1087.57	1137.70	1824.23	469.16	0.0	0.035	0.017	0.007	0.003	0.001	0.000
1991-08-08	Perennial Ryegrass	16.2	-1	0	2196.2	0.0	1308.9	0.0	884.51	2.78	1308.87	887	1079.19	1116.98	1795.31	469.51	0.0	0.035	0.017	0.007	0.003	0.001	0.000
1991-08-09	Perennial Ryegrass	16.2	-1	0	2195.3	0.0	1311.2	0.0	882.82	1.27	1311.21	884	1079.78	1115.52	1794.59	469.65	0.0	0.035	0.017	0.007	0.003	0.001	0.000
1991-08-10	Perennial Ryegrass	16.2	-1	0	2195.6	0.0	1313.2	0.0	881.12	1.27	1313.16	882	1080.58	1114.97	1794.96	469.63	0.0	0.035	0.017	0.007	0.003	0.001	0.000
1991-08-11	Perennial Ryegrass	16.2	-1	0	2195.7	0.0	1315.0	0.0	879.43	1.26	1315.00	881	1081.31	1114.39	1795.14	469.55	0.0	0.035	0.017	0.007	0.003	0.001	0.000
1991-08-12	Perennial Ryegrass	16.2	-1	0	2196.2	0.0	1317.2	0.0	877.75	1.26	1317.19	879	1082.29	1113.92	1795.54	469.64	0.0	0.035	0.017	0.007	0.003	0.001	0.000
1991-08-13	Perennial Ryegrass	16.2	-1	0	2196.9	0.0	1319.6	0.0	876.07	1.26	1319.56	877	1083.37	1113.51	1796.16	469.80	0.0	0.035	0.017	0.007	0.003	0.001	0.000
1991-08-14	Perennial Ryegrass	16.2	-1	0	2197.4	0.0	1321.8	0.0	870.07	5.58	1321.76	876	1084.36	1113.05	1796.74	469.89	0.0	0.035	0.017	0.007	0.003	0.001	0.000
1991-08-15	Perennial Ryegrass	16.2	-1	0	2193.6	0.0	1323.9	0.0	863.66	5.99	1323.94	870	1083.97	1109.62	1792.93	469.96	0.0	0.035	0.017	0.007	0.003	0.001	0.000
1991-08-16	Perennial Ryegrass	16.2	-1	0	2188.7	0.0	1325.5	0.0	862.00	1.24	1325.49	863	1083.04	1105.69	1788.26	469.77	0.0	0.035	0.017	0.007	0.003	0.001	0.000
1991-08-17	Perennial Ryegrass	16.2	-1	0	2188.5	0.0	1326.9	0.0	860.36	1.23	1326.86	862	1083.48	1104.98	1788.04	469.50	0.0	0.035	0.017	0.007	0.003	0.001	0.000
1991-08-18	Perennial Ryegrass	16.2	-1	0	2188.5	0.0	1328.6	0.0	858.71	1.23	1328.56	860	1084.13	1104.37	1787.99	469.38	0.0	0.035	0.017	0.007	0.003	0.001	0.000
1991-08-19	Perennial Ryegrass	16.2	-1	0	2188.4	0.0	1330.1	0.0	857.07	1.23	1330.14	858	1084.71	1103.73	1787.97	469.20	0.0	0.035	0.017	0.007	0.003	0.001	0.000
1991-08-20	Perennial Ryegrass	16.2	-1	0	2188.9	0.0	1332.2	0.0	835.26	21.40	1332.21	857	1085.62	1103.25	1788.25	469.24	0.0	0.035	0.017	0.007	0.003	0.001	0.000
1991-08-21	Perennial Ryegrass	16.2	-1	0	2168.7	0.0	1333.8	0.0	830.45	4.41	1333.82	835	1079.98	1088.70	1768.20	469.08	0.0	0.035	0.017	0.007	0.003	0.001	0.000
1991-08-22	Perennial Ryegrass	16.2	-1	0	2165.9	0.0	1335.8	0.0	819.52	10.53	1335.84	830	1079.90	1085.99	1765.29	469.10	0.0	0.035	0.017	0.007	0.003	0.001	0.000
1991-08-23	Perennial Ryegrass	16.2	-1	0	2157.7	0.0	1338.6	0.0	802.59	16.54	1338.61	819	1078.48	1079.26	1756.91	469.46	0.0	0.035	0.017	0.007	0.003	0.001	0.000
1991-08-24	Perennial Ryegrass	16.2	-1	0	2142.7	0.0	1340.5	0.0	801.07	1.14	1340.48	802	1074.68	1068.01	1742.13	469.42	0.0	0.035	0.017	0.007	0.003	0.001	0.000
1991-08-25	Perennial Ryegrass	16.2	-1	0	2143.1	0.0	1342.4	0.0	799.55	1.14	1342.39	801	1075.53	1067.55	1742.51	469.40	0.0	0.035	0.017	0.007	0.003	0.001	0.000
1991-08-26	Perennial Ryegrass	16.2	-1	0	2143.3	0.0	1344.1	0.0	798.04	1.13	1344.08	799	1076.24	1067.01	1742.75	469.27	0.0	0.035	0.017	0.007	0.003	0.001	0.000
1991-08-27	Perennial Ryegrass	16.2	-1	0	2143.6	0.0	1346.0	0.0	762.87	34.78	1345.95	798	1077.08	1066.53	1743.05	469.23	0.0	0.035	0.017	0.007	0.003	0.001	0.000
1991-08-28	Perennial Ryegrass	16.2	-1	0	2111.1	0.0	1348.6	0.0	761.44	1.08	1348.57	763	1068.47	1042.61	1710.31	469.53	0.0	0.035	0.017	0.007	0.003	0.001	0.000
1991-08-29	Perennial Ryegrass	16.2	-1	0	2111.9	0.0	1350.8	0.0	749.51	11.56	1350.83	761	1069.60	1042.31	1711.23	469.67	0.0	0.035	0.017	0.007	0.003	0.001	0.000
1991-08-30	Perennial Ryegrass	16.2	-1	0	2102.1	0.0	1352.9	0.0	728.60	20.55	1352.94	749	1067.62	1034.47	1701.47	469.75	0.0	0.035	0.017	0.007	0.003	0.001	0.000
1991-08-31	Perennial Ryegrass	16.2	-1	0	2083.5	0.0	1355.2	0.0	727.23	1.02	1355.20	728	1063.24	1020.22	1682.79	469.90	0.0	0.035	0.017	0.007	0.003	0.001	0.000
1991-09-01	Perennial Ryegrass	16.2	-1	0	2084.1	0.0	1357.2	0.0	725.87	1.02	1357.20	727	1064.22	1019.87	1683.50	469.93	0.0	0.035	0.017	0.007	0.003	0.001	0.000
1991-09-02	Perennial Ryegrass	16.2	-1	0	2084.4	0.0	1358.9	0.0	724.51	1.02	1358.86	726	1064.98	1019.41	1683.90	469.81	0.0	0.035	0.017	0.007	0.003	0.001	0.000
1991-09-03	Perennial Ryegrass	16.2	-1	0	2085.5	0.0	1361.3	0.0	723.15	1.02	1361.34	724	1066.29	1019.22	1684.78	470.06	0.0	0.035	0.017	0.007	0.003	0.001	0.000
1991-09-04	Perennial Ryegrass	16.2	-1	0	2086.5	0.0	1363.7	0.0	721.79	1.01	1363.69	723	1067.52	1018.99	1685.81	470.23	0.0	0.035	0.017	0.007	0.003	0.001	0.000
1991-09-05	Perennial Ryegrass	16.2	-1	0	2087.9	0.0	1366.4	0.0	720.44	1.01	1366.44	721	1069.00	1018.88	1687.09	470.57	0.0	0.035	0.017	0.007	0.003	0.001	0.000
1991-09-06	Perennial Ryegrass	16.2	-1	0	2089.8	0.0	1369.7	0.0	719.09	1.01	1369.66	720	1070.82	1018.94	1688.82	471.11	0.0	0.035	0.017	0.007	0.003	0.001	0.000
1991-09-07	Perennial Ryegrass	16.2	-1	0	2091.7	0.0	1373.0	0.0	717.74	1.01	1372.99	719	1072.71	1019.04	1690.77	471.69	0.0	0.035	0.017	0.007	0.003	0.001	0.000
1991-09-08	Perennial Ryegrass	16.2	-1	0	2093.4	0.0	1376.0	0.0	715.21	2.19	1376.00	717	1074.38	1019.03	1692.53	472.09	0.0	0.035	0.017	0.007	0.003	0.001	0.000
1991-09-09	Perennial Ryegrass	16.2	-1	0	2094.1	0.0	1379.2	0.0	713.87	1.00	1379.21	715	1075.86	1018.23	1693.15	472.59	0.0	0.035	0.017	0.007	0.003	0.001	0.000
1991-09-10	Perennial Ryegrass	16.2	-1	0	2095.1	0.0	1381.6	0.0	677.97	35.57	1381.60	714	1077.12	1018.02	1694.44	472.71	0.0	0.035	0.017	0.007	0.003	0.001	0.000
1991-09-11	Perennial Ryegrass	16.2	-1	0	2064.5	0.0	1386.8	0.0	669.25	8.40	1386.83	678	1070.79	993.68	1662.96	474.17	0.0	0.035	0.018	0.007	0.003	0.001	0.000
1991-09-12	Perennial Ryegrass	16.2	-1	0	2059.0	0.0	1390.1	0.0	668.01	0.93	1390.11	669	1070.71	988.34	1658.10	474.73	0.0	0.035	0.018	0.007	0.003	0.001	0.000
1991-09-13	Perennial Ryegrass	16.2	-1	0	2060.5	0.0	1392.8	0.0	666.77	0.93	1392.78	668	1072.19	988.28	1659.70	475.01	0.0	0.035	0.018	0.007	0.003	0.001	0.000
1991-09-14	Perennial Ryegrass	16.2	-1	0	2061.9	0.0	1395.5	0.0	665.53	0.93	1395.45	666	1073.68	988.22	1661.14	475.30	0.0	0.035	0.018	0.007	0.003	0.001	0.000
1991-09-15	Perennial Ryegrass	16.2	-1	0	2063.9	0.0	1398.7	0.0	656.99	8.23	1398.70	665	1075.56	988.36	1662.98	475.83	0.0	0.036	0.018	0.007	0.003	0.001	0.000
1991-09-16	Perennial Ryegrass	16.2	-1	0	2058.9	0.0	1402.2	0.0	649.76	6.92	1402.23	657	1075.72	983.20	1657.90	476.49	0.0	0.036	0.018	0.007	0.003	0.001	0.000
1991-09-17	Perennial Ryegrass	16.2	-1	0	2060.0	0.0	1410.6	0.0	631.35	18.11	1410.55	649	1079.34	980.67	1657.64	479.18	0.0	0.036	0.018	0.008	0.003	0.001	0.000
1991-09-18	Perennial Ryegrass	16.2	-1	0	2054.5	0.0	1423.5	0.0	628.81	2.24	1423.47	631	1083.13	971.39	1650.86	483.88	0.0	0.036	0.018	0.008	0.003	0.001	0.000
1991-09-19	Perennial Ryegrass	16.2	-1	0	2064.5	0.0	1436.0	0.0	626.63	1.89	1436.01	629	1090.76	973.78	1661.02	488.38	0.0	0.036	0.018	0.008	0.003	0.001	0.000
1991-09-20	Perennial Ryegrass	16.2	-1	0	2073.2	0.0	1446.8	0.0	625.49	0.86	1446.80	626	1097.31	975.84	1670.15	492.10	0.0	0.037	0.018	0.008	0.003	0.001	0.000
1991-09-21	Perennial Ryegrass	16.2	-1	0	2085.0	0.0	1459.8	0.0	607.00	18.24	1459.79	625	1105.58	979.45	1681.44	496.76	0.0	0.037	0.018	0.008	0.003	0.001	0.000
1991-09-22	Perennial Ryegrass	16.2	-1	0	2078.4	0.0	1471.6	0.0	605.94	0.84	1471.63	607	1108.74	969.66	1675.16	500.90	0.0	0.037	0.018	0.008	0.003	0.001	0.000
1991-09-23	Perennial Ryegrass	16.2	-1	0	2086.9	0.0	1481.2	0.0	604.89	0.83	1481.20	606	1114.77	972.14	1684.32	504.03	0.0	0.038	0.019	0.008	0.003	0.001	0.000
1991-09-24	Perennial Ryegrass	16.2	-1	0	2098.9	0.0	1494.2	0.0	603.93	0.83	1494.16	605	1123.08	975.84	1695.42	508.63	0.0	0.038	0.019	0.008	0.003	0.001	0.000
1991-09-25	Perennial Ryegrass	16.2	-1	0	2113.4	0.0	1509.5	0.0	599.64	4.29	1509.47	604	1132.98	980.42	1709.30	514.23	0.0	0.038	0.019	0.008	0.003	0.001	0.000
1991-09-26	Perennial Ryegrass	16.2	-1	0	2121.5	0.0	1521.8	0.0	571.88	27.78	1521.80	600	1140.08	981.39	1718.19	518.50	0.0	0.039	0.019	0.008	0.003	0.001	0.000
1991-09-27	Perennial Ryegrass	16.2	-1	0	2108.2	0.0	1536.1	0.0	571.24	0.78	1536.15	572	1142.78	965.38	1704.40	523.60	0.0	0.039	0.019	0.008	0.003	0.001	0.000
1991-09-28	Perennial Ryegrass	16.2	-1	0	2122.0	0.0	1550.4	0.0	570.77	0.78	1550.43	572	1152.14	969.83	1718.26	528.67	0.0	0.040	0.019	0.008	0.003	0.001	0.000
1991-09-29	Perennial Ryegrass	16.2	-1	0	2136.5	0.0	1565.1	0.0	570.58	0.78	1565.14	571	1161.93	974.57	1732.70	533.94	0.0	0.040	0.020	0.008	0.003	0.001	0.000
1991-09-30	Perennial Ryegrass	16.2	-1	0	2151.5	0.0	1579.9	0.0	570.77	0.78	1579.94	572	1171.97	979.52	1747.71	539.29	0.0	0.040	0.020	0.008	0.003	0.001	0.000
1991-10-01	Perennial Ryegrass	16.2	-1	0	2163.1	0.0	1591.5	0.0	570.79	0.78	1591.51	572	1179.78	983.30	1760.16	543.12	0.0	0.041	0.020	0.008	0.003	0.001	0.000
1991-10-02	Perennial Ryegrass	16.2	-1	0	2178.6	0.0	1606.2	0.0	571.61	0.79	1606.17	572	1190.03	988.54	1774.88	548.37	0.0	0.041	0.020	0.009	0.003	0.001	0.000
1991-10-03	Perennial Ryegrass	16.2	-1	0	2194.1	0.0	1620.5	0.0	572.83	0.79	1620.49	574	1200.23	993.88	1790.54	553.45	0.0	0.041	0.020	0.009	0.003	0.001	0.000
1991-10-04	Perennial Ryegrass	16.2	-1	0	2210.2	0.0	1634.7	0.0	574.69	0.79	1634.74	575	1210.70	999.52	1806.71	558.51	0.0	0.042	0.021	0.009	0.003	0.001	0.000
1991-10-05	Perennial Ryegrass	16.2	-1	0	2225.9	0.0	1648.1	0.0	577.02	0.80	1648.06	578	1220.78	1005.10	1822.63	563.14	0.0	0.042	0.021	0.009	0.003	0.001	0.000
1991-10-06	Perennial Ryegrass	16.2	-1	0	2241.1	0.0	1660.7	0.0	572.31	8.18	1660.67	580	1230.51	1010.64	1838.09	567.35	0.0	0.042	0.021	0.009	0.004	0.001	0.000
1991-10-07	Perennial Ryegrass	16.2	-1	0	2252.7	0.0	1676.8	0.0	575.09	0.80	1676.82	576	1240.34	1012.37	1848.82	567.85	0.0	0.042	0.021	0.009	0.004	0.001	0.000
1991-10-08	Perennial Ryegrass	16.2	-1	0	2271.3	0.0	1693.2	0.0	577.36	0.81	1693.16	578	1251.82	1019.51	1867.43	566.09	0.0	0.042	0.021	0.009	0.003	0.001	0.000
1991-10-09	Perennial Ryegrass	16.2	-1	0	2286.3	0.0	1706.9	0.0	578.53	0.82	1706.94	579	1261.00	1025.28	1883.03	564.60	0.0	0.042	0.021	0.009	0.003	0.001	0.000
1991-10-10	Perennial Ryegrass	16.2	-1	0	2296.1	0.0	1714.3	0.0	580.98	0.82	1714.30	582	1267.10	1029.00	1894.37	566.51	0.0	0.042	0.021	0.009	0.004	0.001	0.000
1991-10-11	Perennial Ryegrass	16.2	-1	0	2311.9	0.0	1727.8	0.0	583.24	0.83	1727.81	584	1276.61	1035.27	1908.73	563.37	0.0	0.042	0.021	0.009	0.004	0.001	0.000
1991-10-12	Perennial Ryegrass	16.2	-1	0	2322.2	0.0	1734.5	0.0	586.79	0.83	1734.54	588	1282.84	1039.31	1920.60	565.21	0.0	0.042	0.021	0.009	0.004	0.001	0.000
1991-10-13	Perennial Ryegrass	16.2	-1	0	2333.8	0.0	1741.4	0.0	591.57	0.84	1741.39	592	1289.78	1044.03	1932.23	567.23	0.0	0.042	0.021	0.009	0.004	0.001	0.000
1991-10-14	Perennial Ryegrass	16.2	-1	0	2345.1	0.0	1747.6	0.0	596.70	0.85	1747.55	598	1296.41	1048.70	1943.69	568.91	0.0	0.041	0.021	0.009	0.004	0.001	0.000
1991-10-15	Perennial Ryegrass	16.2	-1	0	2355.8	0.0	1752.9	0.0	602.00	0.87	1752.92	603	1302.59	1053.20	1954.56	570.21	0.0	0.041	0.022	0.009	0.004	0.001	0.000
1991-10-16	Perennial Ryegrass	16.2	-1	0	2366.3	0.0	1757.6	0.0	607.76	0.88	1757.63	609	1308.57	1057.70	1965.20	571.27	0.0	0.041	0.022	0.009	0.004	0.001	0.000
1991-10-17	Perennial Ryegrass	16.2	-1	0	2371.4	0.0	1760.7	0.0	609.72	0.89	1760.74	611	1311.54	1059.81	1970.64	571.07	0.0	0.041	0.022	0.009	0.004	0.001	0.000
1991-10-18	Perennial Ryegrass	16.2	-1	0	2377.8	0.0	1763.7	0.0	613.18	0.90	1763.73	614	1315.24	1062.57	1977.13	571.12	0.0	0.041	0.022	0.009	0.004	0.001	0.000
1991-10-19	Perennial Ryegrass	16.2	-1	0	2385.4	0.0	1766.5	0.0	617.96	0.91	1766.51	619	1319.49	1065.89	1984.75	571.32	0.0	0.041	0.022	0.009	0.004	0.001	0.000
1991-10-20	Perennial Ryegrass	16.2	-1	0	2394.2	0.0	1769.0	0.0	624.30	0.92	1768.98	625	1324.36	1069.85	1993.65	571.64	0.0	0.041	0.022	0.009	0.004	0.001	0.000
1991-10-21	Perennial Ryegrass	16.2	-1	0	2402.0	0.0	1766.8	0.0	632.84	2.40	1766.79	635	1328.64	1073.40	2002.53	571.64	0.0	0.041	0.022	0.010	0.004	0.001	0.000
1991-10-22	Perennial Ryegrass	16.2	-1	0	2409.3	0.0	1768.3	0.0	639.96	0.96	1768.35	641	1332.74	1076.53	2008.91	571.63	0.0	0.041	0.022	0.010	0.004	0.001	0.000
1991-10-23	Perennial Ryegrass	16.2	-1	0	2418.2	0.0	1769.2	0.0	648.09	0.97	1769.16	649	1337.48	1080.74	2018.04	571.56	0.0	0.041	0.022	0.010	0.004	0.001	0.000
1991-10-24	Perennial Ryegrass	16.2	-1	0	2426.9	0.0	1769.6	0.0	636.80	20.51	1769.63	657	1342.05	1084.89	2026.83	571.38	0.0	0.040	0.022	0.010	0.004	0.001	0.000
1991-10-25	Perennial Ryegrass	16.2	-1	0	2416.8	0.0	1770.6	0.0	630.18	16.05	1770.55	646	1338.88	1077.90	2016.57	571.19	0.0	0.040	0.022	0.010	0.004	0.001	0.000
1991-10-26	Perennial Ryegrass	16.2	-1	0	2418.1	0.0	1780.6	0.0	629.85	7.64	1780.63	637	1340.99	1077.13	2015.84	565.98	0.0	0.040	0.022	0.010	0.004	0.001	0.000
1991-10-27	Perennial Ryegrass	16.2	-1	0	2419.9	0.0	1782.6	0.0	636.32	0.97	1782.58	637	1342.52	1077.35	2019.43	565.63	0.0	0.040	0.022	0.010	0.004	0.001	0.000
1991-10-28	Perennial Ryegrass	16.2	-1	0	2427.3	0.0	1784.1	0.0	641.86	1.37	1784.10	643	1346.32	1081.01	2026.99	565.14	0.0	0.040	0.022	0.010	0.004	0.001	0.000
1991-10-29	Perennial Ryegrass	16.2	-1	0	2436.0	0.0	1783.6	0.0	651.45	0.99	1783.55	652	1350.71	1085.28	2036.12	564.79	0.0	0.040	0.022	0.009	0.004	0.001	0.000
1991-10-30	Perennial Ryegrass	16.2	-1	0	2446.7	0.0	1781.2	0.0	649.83	15.68	1781.17	666	1356.05	1090.63	2047.21	564.54	0.0	0.040	0.022	0.009	0.004	0.001	0.000
1991-10-31	Perennial Ryegrass	16.2	-1	0	2443.9	0.0	1778.9	0.0	662.75	2.21	1778.93	665	1355.53	1088.37	2044.40	564.33	0.0	0.040	0.022	0.009	0.004	0.001	0.000
1991-11-01	Perennial Ryegrass	16.2	-1	0	2450.3	0.0	1779.7	0.0	669.50	1.04	1779.74	671	1358.76	1091.52	2050.10	563.68	0.0	0.040	0.022	0.009	0.004	0.001	0.000
1991-11-02	Perennial Ryegrass	16.2	-1	0	2459.4	0.0	1778.0	0.0	680.34	1.05	1778.02	681	1363.26	1096.15	2059.80	563.15	0.0	0.040	0.022	0.009	0.004	0.001	0.000
1991-11-03	Perennial Ryegrass	16.2	-1	0	2469.9	0.0	1773.1	0.0	666.37	30.39	1773.13	697	1368.39	1101.50	2070.99	562.70	0.0	0.040	0.022	0.009	0.004	0.001	0.000
1991-11-04	Perennial Ryegrass	16.2	-1	0	2454.1	0.0	1771.0	0.0	678.79	4.28	1771.02	683	1361.50	1092.58	2054.56	562.48	0.0	0.040	0.022	0.009	0.004	0.001	0.000
1991-11-05	Perennial Ryegrass	16.2	-1	0	2462.7	0.0	1769.0	0.0	692.27	1.50	1768.95	694	1365.79	1096.93	2063.19	562.06	0.0	0.040	0.022	0.009	0.004	0.001	0.000
1991-11-06	Perennial Ryegrass	16.2	-1	0	2473.0	0.0	1766.4	0.0	705.46	1.10	1766.40	707	1370.77	1102.19	2073.53	561.52	0.0	0.040	0.022	0.009	0.004	0.001	0.000
1991-11-07	Perennial Ryegrass	16.2	-1	0	2484.2	0.0	1761.4	0.0	721.75	1.12	1761.36	723	1376.23	1108.01	2085.38	561.00	0.0	0.040	0.022	0.009	0.004	0.001	0.000
1991-11-08	Perennial Ryegrass	16.2	-1	0	2492.2	0.0	1759.7	0.0	731.37	1.16	1759.67	733	1380.08	1112.12	2092.58	560.23	0.0	0.040	0.022	0.009	0.004	0.001	0.000
1991-11-09	Perennial Ryegrass	16.2	-1	0	2499.2	0.0	1757.5	0.0	740.55	1.17	1757.49	742	1383.47	1115.75	2099.71	559.40	0.0	0.040	0.022	0.009	0.004	0.001	0.000
1991-11-10	Perennial Ryegrass	16.2	-1	0	2505.2	0.0	1754.9	0.0	749.10	1.19	1754.95	750	1386.37	1118.87	2105.82	558.51	0.0	0.040	0.021	0.009	0.004	0.001	0.000
1991-11-11	Perennial Ryegrass	16.2	-1	0	2510.6	0.0	1751.8	0.0	757.66	1.21	1751.75	759	1388.96	1121.66	2111.35	557.58	0.0	0.040	0.021	0.009	0.004	0.001	0.000
1991-11-12	Perennial Ryegrass	16.2	-1	0	2516.3	0.0	1747.0	0.0	768.07	1.22	1746.97	769	1391.67	1124.59	2117.36	556.67	0.0	0.039	0.021	0.009	0.004	0.001	0.000
1991-11-13	Perennial Ryegrass	16.2	-1	0	2523.2	0.0	1739.0	0.0	782.99	1.24	1738.98	784	1395.01	1128.20	2125.04	555.85	0.0	0.039	0.021	0.009	0.004	0.001	0.000
1991-11-14	Perennial Ryegrass	16.2	-1	0	2529.2	0.0	1731.7	0.0	796.20	1.27	1731.73	797	1397.88	1131.32	2130.86	554.95	0.0	0.039	0.021	0.009	0.004	0.001	0.000
1991-11-15	Perennial Ryegrass	16.2	-1	0	2535.4	0.0	1723.5	0.0	810.60	1.29	1723.48	812	1400.83	1134.54	2137.28	554.07	0.0	0.039	0.021	0.009	0.004	0.001	0.000
1991-11-16	Perennial Ryegrass	16.2	-1	0	2541.1	0.0	1709.2	0.0	830.54	1.32	1709.24	832	1403.57	1137.53	2144.41	553.12	0.0	0.039	0.021	0.009	0.004	0.001	0.000
1991-11-17	Perennial Ryegrass	16.2	-1	0	2546.6	0.0	1701.2	0.0	844.06	1.35	1701.23	845	1406.23	1140.42	2148.52	552.16	0.0	0.039	0.021	0.009	0.004	0.001	0.000
1991-11-18	Perennial Ryegrass	16.2	-1	0	2550.0	0.0	1687.4	0.0	861.20	1.38	1687.43	863	1407.82	1142.18	2153.25	551.02	0.0	0.039	0.021	0.009	0.004	0.001	0.000
1991-11-19	Perennial Ryegrass	16.2	-1	0	2593.9	0.0	1709.5	0.0	879.16	5.22	1709.55	884	1428.98	1164.94	2188.68	543.58	0.0	0.038	0.021	0.009	0.004	0.001	0.000
1991-11-20	Perennial Ryegrass	16.2	-1	0	2619.3	0.0	1722.6	0.0	895.24	1.44	1722.60	897	1440.94	1178.34	2216.23	540.82	0.0	0.038	0.021	0.009	0.004	0.001	0.000
1991-11-21	Perennial Ryegrass	16.2	-1	0	2643.3	0.0	1732.7	0.0	909.04	1.47	1732.74	911	1452.31	1190.94	2240.90	537.45	0.0	0.038	0.021	0.009	0.004	0.001	0.000
1991-11-22	Perennial Ryegrass	16.2	-1	0	2667.1	0.0	1738.3	0.0	927.30	1.50	1738.28	929	1463.57	1203.51	2265.80	532.60	0.0	0.038	0.021	0.009	0.004	0.001	0.000
1991-11-23	Perennial Ryegrass	16.2	-1	0	2691.8	0.0	1742.2	0.0	948.02	1.53	1742.21	950	1475.19	1216.57	2290.86	526.07	0.0	0.037	0.020	0.009	0.003	0.001	0.000
1991-11-24	Perennial Ryegrass	16.2	-1	0	2717.5	0.0	1743.4	0.0	972.49	1.57	1743.41	974	1487.23	1230.24	2317.19	518.42	0.0	0.036	0.020	0.009	0.003	0.001	0.000
1991-11-25	Perennial Ryegrass	16.2	-1	0	2735.4	0.0	1735.7	0.0	998.08	1.61	1735.66	1000	1495.54	1239.81	2337.13	518.39	0.0	0.036	0.020	0.009	0.003	0.001	0.000
1991-11-26	Perennial Ryegrass	16.2	-1	0	2759.9	0.0	1734.6	0.0	988.71	36.58	1734.63	1025	1506.99	1252.93	2360.16	512.54	0.0	0.036	0.020	0.009	0.003	0.001	0.000
1991-11-27	Perennial Ryegrass	16.2	-1	0	2756.0	0.0	1747.9	0.0	1006.46	1.63	1747.92	1008	1502.86	1253.15	2352.95	507.91	0.0	0.036	0.020	0.009	0.003	0.001	0.000
1991-11-28	Perennial Ryegrass	16.2	-1	0	2783.8	0.0	1756.8	0.0	1025.36	1.67	1756.82	1027	1515.74	1268.11	2381.81	502.31	0.0	0.035	0.020	0.008	0.003	0.001	0.000
1991-11-29	Perennial Ryegrass	16.2	-1	0	2802.1	0.0	1756.0	0.0	1043.07	3.05	1755.99	1046	1524.10	1278.00	2402.29	502.40	0.0	0.035	0.020	0.008	0.003	0.001	0.000
1991-11-30	Perennial Ryegrass	16.2	-1	0	2822.3	0.0	1767.1	0.0	1053.46	1.73	1767.11	1055	1533.26	1289.04	2419.77	498.37	0.0	0.035	0.019	0.008	0.003	0.001	0.000
1991-12-01	Perennial Ryegrass	16.2	-1	0	2836.4	0.0	1766.2	0.0	1068.48	1.75	1766.18	1070	1539.65	1296.76	2436.62	498.22	0.0	0.035	0.019	0.008	0.003	0.001	0.000
1991-12-02	Perennial Ryegrass	16.2	-1	0	2850.3	0.0	1760.3	0.0	1088.24	1.78	1760.33	1090	1545.96	1304.38	2451.67	498.04	0.0	0.035	0.019	0.008	0.003	0.001	0.000
1991-12-03	Perennial Ryegrass	16.2	-1	0	2862.5	0.0	1753.8	0.0	1102.00	6.71	1753.81	1109	1551.47	1311.07	2464.01	497.71	0.0	0.035	0.019	0.008	0.003	0.001	0.000
1991-12-04	Perennial Ryegrass	16.2	-1	0	2868.9	0.0	1747.4	0.0	1119.67	1.84	1747.37	1122	1553.90	1314.98	2470.35	497.31	0.0	0.035	0.019	0.008	0.003	0.001	0.000
1991-12-05	Perennial Ryegrass	16.2	-1	0	2878.4	0.0	1741.9	0.0	1134.67	1.87	1741.88	1137	1558.18	1320.24	2479.67	496.78	0.0	0.035	0.019	0.008	0.003	0.001	0.000
1991-12-06	Perennial Ryegrass	16.2	-1	0	2887.5	0.0	1735.4	0.0	1150.28	1.90	1735.36	1152	1562.26	1325.27	2489.03	496.21	0.0	0.035	0.019	0.008	0.003	0.001	0.000
1991-12-07	Perennial Ryegrass	16.2	-1	0	2898.4	0.0	1724.7	0.0	1171.68	1.92	1724.75	1174	1567.13	1331.22	2500.80	495.77	0.0	0.035	0.019	0.008	0.003	0.001	0.000
1991-12-08	Perennial Ryegrass	16.2	-1	0	2905.9	0.0	1708.0	0.0	1195.95	1.96	1708.03	1198	1570.50	1335.43	2509.81	495.05	0.0	0.035	0.019	0.008	0.003	0.001	0.000
1991-12-09	Perennial Ryegrass	16.2	-1	0	2911.1	0.0	1689.3	0.0	1219.75	2.01	1689.30	1222	1572.73	1338.33	2515.44	494.09	0.0	0.034	0.019	0.008	0.003	0.001	0.000
1991-12-10	Perennial Ryegrass	16.2	-1	0	2911.6	0.0	0.0	1664.2	1166.36	81.02	1664.18	1247	1572.79	1338.76	2517.51	492.76	0.0	0.034	0.019	0.008	0.003	0.001	0.000
1991-12-11	Perennial Ryegrass	13.1	-1	0	2846.6	0.0	0.0	1542.7	1301.96	1.95	1542.71	1304	1539.20	1307.42	2475.81	500.25	0.0	0.035	0.020	0.009	0.003	0.001	0.000
1991-12-12	Perennial Ryegrass	13.0	-1	0	2856.1	0.0	0.0	1434.1	1373.72	48.26	1434.11	1422	1546.03	1310.06	2484.25	504.72	0.0	0.035	0.020	0.009	0.003	0.001	0.000
1991-12-13	Perennial Ryegrass	13.2	-1	0	2819.8	0.0	0.0	1320.6	1431.35	67.82	1320.64	1499	1526.78	1293.03	2451.46	509.02	0.0	0.036	0.020	0.009	0.003	0.001	0.000
1991-12-14	Perennial Ryegrass	13.9	-1	0	2764.4	0.0	0.0	1181.0	1580.91	2.50	1180.99	1583	1495.62	1268.78	2406.70	513.01	0.0	0.036	0.020	0.009	0.003	0.001	0.000
1991-12-15	Perennial Ryegrass	15.1	-1	0	2771.3	0.0	0.0	1029.1	1739.40	2.80	1029.14	1742	1500.79	1270.56	2422.78	515.29	0.0	0.036	0.020	0.009	0.003	0.001	0.000
1991-12-16	Perennial Ryegrass	15.2	-1	0	2774.9	0.0	0.0	932.3	1839.49	3.13	932.33	1843	1503.66	1271.28	2412.57	516.14	0.0	0.036	0.020	0.009	0.003	0.001	0.000
1991-12-17	Perennial Ryegrass	14.9	-1	0	2778.1	0.0	0.0	862.7	1909.49	5.97	862.69	1915	1506.25	1271.89	2408.02	516.79	0.0	0.036	0.020	0.009	0.003	0.001	0.000
1991-12-18	Perennial Ryegrass	14.2	-1	0	2777.2	0.0	0.0	814.0	1916.74	46.45	814.04	1963	1506.08	1271.15	2399.79	516.98	0.0	0.036	0.020	0.009	0.003	0.001	0.000
1991-12-19	Perennial Ryegrass	14.1	-1	0	2737.7	0.0	0.0	755.9	1978.30	3.49	755.91	1982	1480.70	1257.01	2366.27	517.55	0.0	0.036	0.020	0.009	0.003	0.001	0.000
1991-12-20	Perennial Ryegrass	14.1	-1	0	2733.6	0.0	6.8	676.4	2046.71	3.62	683.25	2050	1477.14	1256.44	2372.02	503.04	0.0	0.035	0.020	0.009	0.003	0.001	0.000
1991-12-21	Perennial Ryegrass	14.1	-1	0	2729.2	0.0	13.3	600.1	2099.12	16.69	613.43	2116	1472.49	1256.76	2370.12	490.32	0.0	0.034	0.019	0.008	0.003	0.001	0.000
1991-12-22	Perennial Ryegrass	14.1	-1	0	2712.0	0.0	19.7	529.3	2159.14	3.86	548.98	2163	1459.65	1252.33	2354.01	479.83	0.0	0.034	0.019	0.008	0.003	0.001	0.000
1991-12-23	Perennial Ryegrass	14.1	-1	0	2708.1	0.0	26.8	454.8	2222.51	3.99	481.61	2226	1455.81	1252.30	2357.19	470.17	0.0	0.033	0.018	0.008	0.003	0.001	0.000
1991-12-24	Perennial Ryegrass	14.1	-1	0	2705.6	0.0	35.2	387.6	2278.79	4.12	422.73	2283	1453.09	1252.56	2354.55	460.72	0.0	0.032	0.018	0.008	0.003	0.001	0.000
1991-12-25	Perennial Ryegrass	14.1	-1	0	2703.3	0.0	43.5	324.6	2330.88	4.24	368.18	2335	1450.51	1252.78	2354.92	451.40	0.0	0.032	0.018	0.008	0.003	0.001	0.000
1991-12-26	Perennial Ryegrass	14.1	-1	0	2701.1	0.0	51.7	270.0	2375.04	4.34	321.76	2379	1448.25	1252.89	2379.38	442.21	0.0	0.031	0.017	0.008	0.003	0.001	0.000
1991-12-27	Perennial Ryegrass	14.1	-1	0	2699.8	0.0	61.3	214.1	2404.72	19.70	275.35	2424	1446.51	1253.28	2424.43	433.15	0.0	0.030	0.017	0.007	0.003	0.001	0.000
1991-12-28	Perennial Ryegrass	14.1	-1	0	2686.4	0.0	72.1	181.4	2428.44	4.50	253.50	2433	1437.02	1249.42	2432.94	424.87	0.0	0.030	0.017	0.007	0.003	0.001	0.000
1991-12-29	Perennial Ryegrass	14.1	-1	0	2688.9	0.0	82.6	159.8	2441.93	4.55	242.38	2446	1438.53	1250.32	2446.48	417.14	0.0	0.029	0.016	0.007	0.003	0.001	0.000
1991-12-30	Perennial Ryegrass	14.1	-1	0	2691.3	0.0	92.7	143.4	2450.59	4.57	236.12	2455	1440.16	1251.12	2455.16	408.98	0.0	0.029	0.016	0.007	0.003	0.001	0.000
1991-12-31	Perennial Ryegrass	14.1	-1	0	2693.8	0.0	103.0	126.9	2286.45	177.46	229.90	2464	1441.88	1251.93	2463.91	401.70	0.0	0.028	0.016	0.007	0.003	0.001	0.000
1992-01-01	Perennial Ryegrass	14.1	-1	0	2531.4	0.0	121.2	107.5	2298.39	4.25	228.71	2303	1329.65	1201.70	2302.64	394.28	0.0	0.028	0.015	0.007	0.003	0.001	0.000
1992-01-02	Perennial Ryegrass	14.1	-1	0	2540.7	0.0	137.7	92.3	2306.39	4.27	230.01	2311	1336.36	1204.32	2310.67	388.66	0.0	0.027	0.015	0.007	0.003	0.001	0.000
1992-01-03	Perennial Ryegrass	14.1	-1	0	2548.4	0.0	152.5	77.9	2291.27	26.71	230.44	2318	1342.02	1206.40	2317.98	382.48	0.0	0.027	0.015	0.007	0.003	0.001	0.000
1992-01-04	Perennial Ryegrass	14.1	-1	0	2533.7	0.0	166.8	69.2	2228.50	69.20	235.96	2298	1332.42	1201.24	2297.71	377.94	0.0	0.026	0.015	0.006	0.003	0.001	0.000
1992-01-05	Perennial Ryegrass	14.1	-1	0	2477.8	0.0	182.2	61.9	2155.06	78.63	244.13	2234	1294.91	1182.92	2233.69	373.00	0.0	0.026	0.015	0.006	0.003	0.001	0.000
1992-01-06	Perennial Ryegrass	14.1	-1	0	2414.7	0.0	199.8	54.8	2156.13	3.98	254.63	2160	1252.90	1161.83	2160.10	369.97	0.0	0.026	0.015	0.006	0.002	0.001	0.000
1992-01-07	Perennial Ryegrass	14.1	-1	0	2423.9	0.0	214.9	48.4	2156.62	3.98	263.29	2161	1259.80	1164.09	2160.60	366.42	0.0	0.026	0.014	0.006	0.002	0.001	0.000
1992-01-08	Perennial Ryegrass	14.1	-1	0	2431.9	0.0	228.8	42.7	2061.31	99.09	271.48	2160	1265.87	1166.01	2160.40	363.81	0.0	0.025	0.014	0.006	0.002	0.001	0.000
1992-01-09	Perennial Ryegrass	14.1	-1	0	2347.4	0.0	245.1	38.7	1921.63	142.02	283.77	2064	1209.90	1137.51	2063.64	360.91	0.0	0.025	0.014	0.006	0.002	0.001	0.000
1992-01-10	Perennial Ryegrass	14.1	-1	0	2232.6	0.0	273.8	35.0	1878.00	45.75	308.83	1924	1135.12	1097.46	1923.75	356.61	0.0	0.025	0.014	0.006	0.002	0.001	0.000
1992-01-11	Perennial Ryegrass	14.1	-1	0	2203.4	0.0	292.0	31.0	1877.11	3.40	322.93	1881	1117.14	1086.30	1880.52	354.38	0.0	0.025	0.014	0.006	0.002	0.001	0.000
1992-01-12	Perennial Ryegrass	14.1	-1	0	2213.8	0.0	307.2	26.6	1876.49	3.40	333.86	1880	1124.95	1088.80	1879.89	352.50	0.0	0.025	0.014	0.006	0.002	0.001	0.000
1992-01-13	Perennial Ryegrass	14.1	-1	0	2223.0	0.0	321.4	22.8	1875.37	3.40	344.23	1879	1132.00	1091.00	1878.77	351.14	0.0	0.024	0.014	0.006	0.002	0.001	0.000
1992-01-14	Perennial Ryegrass	14.1	-1	0	2231.6	0.0	334.8	19.3	1874.08	3.40	354.09	1877	1138.56	1093.00	1877.48	349.13	0.0	0.024	0.014	0.006	0.002	0.001	0.000
1992-01-15	Perennial Ryegrass	14.1	-1	0	2240.1	0.0	348.1	16.4	1872.18	3.40	364.49	1876	1145.09	1094.98	1875.58	347.55	0.0	0.024	0.014	0.006	0.002	0.001	0.000
1992-01-16	Perennial Ryegrass	14.1	-1	0	2248.9	0.0	361.7	14.0	1869.82	3.39	375.71	1873	1151.88	1097.05	1873.22	346.39	0.0	0.024	0.014	0.006	0.002	0.001	0.000
1992-01-17	Perennial Ryegrass	14.1	-1	0	2257.4	0.0	374.9	12.0	1867.05	3.39	386.92	1870	1158.36	1099.00	1870.44	345.19	0.0	0.024	0.014	0.006	0.002	0.001	0.000
1992-01-18	Perennial Ryegrass	14.1	-1	0	2265.1	0.0	387.3	10.4	1864.02	3.38	397.72	1867	1164.36	1100.77	1867.40	343.71	0.0	0.024	0.014	0.006	0.002	0.001	0.000
1992-01-19	Perennial Ryegrass	14.1	-1	0	2272.6	0.0	399.5	8.7	1861.03	3.38	408.22	1864	1170.16	1102.46	1864.41	342.25	0.0	0.024	0.014	0.006	0.002	0.001	0.000
1992-01-20	Perennial Ryegrass	14.1	-1	0	2280.2	0.0	411.8	7.1	1858.01	3.37	418.86	1861	1176.06	1104.19	1869.82	340.21	0.0	0.024	0.013	0.006	0.002	0.001	0.000
1992-01-21	Perennial Ryegrass	14.1	-1	0	2288.0	0.0	424.2	5.6	1853.56	4.71	429.77	1858	1182.06	1105.97	1877.62	337.33	0.0	0.023	0.013	0.006	0.002	0.001	0.000
1992-01-22	Perennial Ryegrass	14.1	-1	0	2294.8	0.0	436.9	4.4	1741.69	111.87	441.25	1854	1187.44	1107.38	1884.13	334.41	0.0	0.023	0.013	0.006	0.002	0.001	0.000
1992-01-23	Perennial Ryegrass	14.1	-1	0	2203.8	0.0	458.8	3.5	1737.08	4.37	462.30	1741	1129.95	1073.80	1784.68	333.50	0.0	0.023	0.013	0.006	0.002	0.001	0.000
1992-01-24	Perennial Ryegrass	14.1	-1	0	2214.5	0.0	475.1	3.1	1615.35	121.06	478.12	1736	1138.18	1076.35	1800.84	331.67	0.0	0.023	0.013	0.006	0.002	0.001	0.000
1992-01-25	Perennial Ryegrass	14.1	-1	0	2142.2	0.0	524.8	2.6	1611.92	2.87	527.38	1615	1095.89	1046.29	1700.97	336.37	0.0	0.023	0.013	0.006	0.002	0.001	0.000
1992-01-26	Perennial Ryegrass	14.1	-1	0	2163.3	0.0	549.7	2.3	1608.38	2.87	552.04	1611	1111.28	1052.00	1744.59	338.36	0.0	0.023	0.014	0.006	0.002	0.001	0.000
1992-01-27	Perennial Ryegrass	14.1	-1	0	2179.7	0.0	570.0	2.0	1604.87	2.86	571.94	1608	1123.37	1056.29	1765.24	339.81	0.0	0.023	0.014	0.006	0.002	0.001	0.000
1992-01-28	Perennial Ryegrass	14.1	-1	0	2193.8	0.0	587.9	1.7	1601.33	2.85	589.61	1604	1133.86	1059.93	1781.43	340.96	0.0	0.023	0.014	0.006	0.002	0.001	0.000
1992-01-29	Perennial Ryegrass	14.1	-1	0	2205.6	0.0	603.5	1.5	1597.71	2.85	605.00	1601	1142.67	1062.89	1795.11	341.84	0.0	0.023	0.014	0.006	0.002	0.001	0.000
1992-01-30	Perennial Ryegrass	14.1	-1	0	2217.2	0.0	619.0	1.3	1594.10	2.84	620.25	1597	1151.37	1065.82	1807.11	341.98	0.0	0.023	0.014	0.006	0.002	0.001	0.000
1992-01-31	Perennial Ryegrass	14.1	-1	0	2229.6	0.0	635.2	1.1	1540.04	53.30	636.27	1593	1160.63	1068.99	1819.29	342.53	0.0	0.023	0.014	0.006	0.002	0.001	0.000
1992-02-01	Perennial Ryegrass	14.1	-1	0	2194.7	0.0	654.5	0.9	1536.57	2.72	655.40	1539	1140.62	1054.08	1782.67	343.84	0.0	0.023	0.014	0.006	0.002	0.001	0.000
1992-02-02	Perennial Ryegrass	14.1	-1	0	2210.5	0.0	674.0	0.7	1533.10	2.72	674.71	1536	1152.26	1058.27	1798.74	345.10	0.0	0.024	0.014	0.006	0.002	0.001	0.000
1992-02-03	Perennial Ryegrass	14.1	-1	0	2225.6	0.0	692.7	0.6	1529.60	2.71	693.30	1532	1163.36	1062.24	1814.59	346.44	0.0	0.024	0.014	0.006	0.002	0.001	0.000
