Date	species	dorm_t	seed_dorm_time	germ_index	shoot_dm	seedl_dm	estab_dm	senc_dm	dead_dm	litter_dm	green_dm	dry_dm	leaf_dm	stem_dm	avail_dm	root_dm	seed_dm	rlv[1]	rlv[2]	rlv[3]	rlv[4]	rlv[5]	rlv[6]
		oC	d	d	kg/ha	kg/ha	kg/ha	kg/ha	kg/ha	kg/ha	kg/ha	kg/ha	kg/ha	kg/ha	kg/ha	kg/ha	kg/ha	mm/mm^3	mm/mm^3	mm/mm^3	mm/mm^3	mm/mm^3	mm/mm^3
1990-08-01	Perennial Ryegrass	7.6	-1	0	3595.7	0.0	1596.7	0.0	1932.19	66.84	1596.69	1999	1297.26	2298.46	3196.55	398.61	0.0	0.033	0.012	0.005	0.002	0.001	0.000
1990-08-02	Perennial Ryegrass	7.6	-1	0	3531.8	0.0	1600.5	0.0	1847.42	83.83	1600.54	1931	1272.04	2259.75	3130.82	400.34	0.0	0.033	0.012	0.006	0.002	0.001	0.000
1990-08-03	Perennial Ryegrass	7.6	-1	0	3459.1	0.0	1612.6	0.0	1841.54	4.99	1612.59	1847	1245.78	2213.33	3056.11	407.29	0.0	0.034	0.013	0.006	0.002	0.001	0.000
1990-08-04	Perennial Ryegrass	7.6	-1	0	3464.8	0.0	1624.1	0.0	1789.62	51.03	1624.14	1841	1250.99	2213.79	3061.92	413.84	0.0	0.034	0.013	0.006	0.002	0.001	0.000
1990-08-05	Perennial Ryegrass	7.6	-1	0	3424.0	0.0	1635.3	0.0	1740.58	48.17	1635.29	1789	1237.88	2186.16	3021.30	420.06	0.0	0.035	0.013	0.006	0.002	0.001	0.000
1990-08-06	Perennial Ryegrass	7.6	-1	0	3389.5	0.0	1649.7	0.0	1735.08	4.67	1649.71	1740	1228.30	2161.16	2985.93	428.24	0.0	0.035	0.013	0.006	0.003	0.001	0.000
1990-08-07	Perennial Ryegrass	7.6	-1	0	3394.6	0.0	1657.9	0.0	1734.18	2.60	1657.87	1737	1233.16	2161.49	2992.67	434.01	0.0	0.036	0.013	0.006	0.003	0.001	0.000
1990-08-08	Perennial Ryegrass	7.6	-1	0	3398.1	0.0	1664.8	0.0	1730.76	2.59	1664.78	1733	1236.37	2161.76	2996.46	437.42	0.0	0.036	0.014	0.006	0.003	0.001	0.000
1990-08-09	Perennial Ryegrass	7.6	-1	0	3412.2	0.0	1682.3	0.0	1708.57	21.36	1682.28	1730	1246.41	2165.79	3008.00	447.25	0.0	0.037	0.014	0.006	0.003	0.001	0.000
1990-08-10	Perennial Ryegrass	7.6	-1	0	3405.0	0.0	1697.3	0.0	1705.20	2.55	1697.26	1708	1247.70	2157.31	3001.45	455.42	0.0	0.038	0.014	0.006	0.003	0.001	0.000
1990-08-11	Perennial Ryegrass	7.6	-1	0	3417.7	0.0	1705.5	0.0	1709.64	2.55	1705.55	1712	1256.85	2160.88	3015.78	464.16	0.0	0.038	0.015	0.006	0.003	0.001	0.000
1990-08-12	Perennial Ryegrass	7.6	-1	0	3429.7	0.0	1720.9	0.0	1684.46	24.35	1720.86	1709	1265.51	2164.16	3026.08	472.28	0.0	0.039	0.015	0.007	0.003	0.001	0.000
1990-08-13	Perennial Ryegrass	7.6	-1	0	3417.2	0.0	1733.5	0.0	1679.15	4.50	1733.51	1684	1264.19	2152.97	3014.22	478.77	0.0	0.039	0.015	0.007	0.003	0.001	0.000
1990-08-14	Perennial Ryegrass	7.6	-1	0	3434.5	0.0	1756.2	0.0	1670.01	8.33	1756.18	1678	1276.86	2157.66	3029.29	491.00	0.0	0.040	0.015	0.007	0.003	0.001	0.000
1990-08-15	Perennial Ryegrass	7.6	-1	0	3434.2	0.0	1765.0	0.0	1652.01	17.20	1765.02	1669	1279.19	2155.04	3032.22	495.14	0.0	0.041	0.016	0.007	0.003	0.001	0.000
1990-08-16	Perennial Ryegrass	7.6	-1	0	3437.6	0.0	1783.9	0.0	1651.23	2.46	1783.95	1654	1286.29	2151.34	3033.34	506.40	0.0	0.042	0.016	0.007	0.003	0.001	0.000
1990-08-17	Perennial Ryegrass	7.6	-1	0	3455.2	0.0	1799.8	0.0	1652.97	2.46	1799.82	1655	1298.57	2156.68	3051.69	517.20	0.0	0.042	0.016	0.007	0.003	0.001	0.000
1990-08-18	Perennial Ryegrass	7.6	-1	0	3470.9	0.0	1816.8	0.0	1651.67	2.46	1816.78	1654	1309.59	2161.32	3067.14	526.76	0.0	0.043	0.017	0.007	0.003	0.001	0.000
1990-08-19	Perennial Ryegrass	7.6	-1	0	3484.3	0.0	1830.7	0.0	1630.98	22.67	1830.68	1654	1319.16	2165.16	3081.26	534.97	0.0	0.044	0.017	0.007	0.003	0.001	0.000
1990-08-20	Perennial Ryegrass	7.6	-1	0	3468.7	0.0	1838.4	0.0	1610.22	20.00	1838.44	1630	1315.49	2153.17	3066.97	538.23	0.0	0.044	0.017	0.008	0.003	0.001	0.000
1990-08-21	Perennial Ryegrass	7.6	-1	0	3470.4	0.0	1860.9	0.0	1602.40	7.05	1860.95	1609	1322.33	2148.07	3065.50	549.51	0.0	0.045	0.017	0.008	0.003	0.001	0.000
1990-08-22	Perennial Ryegrass	7.6	-1	0	3475.2	0.0	1873.5	0.0	1591.07	10.56	1873.52	1602	1327.60	2147.56	3072.45	555.30	0.0	0.045	0.018	0.008	0.003	0.001	0.000
1990-08-23	Perennial Ryegrass	7.6	-1	0	3487.9	0.0	1897.1	0.0	1588.44	2.36	1897.07	1591	1338.95	2148.91	3082.84	567.23	0.0	0.046	0.018	0.008	0.003	0.001	0.000
1990-08-24	Perennial Ryegrass	7.6	-1	0	3511.9	0.0	1924.2	0.0	1585.33	2.35	1924.19	1588	1355.30	2156.57	3106.15	580.67	0.0	0.047	0.019	0.008	0.003	0.001	0.000
1990-08-25	Perennial Ryegrass	7.6	-1	0	3524.9	0.0	1940.4	0.0	1573.28	11.29	1940.37	1585	1364.62	2160.32	3121.58	588.16	0.0	0.048	0.019	0.008	0.003	0.001	0.000
1990-08-26	Perennial Ryegrass	7.6	-1	0	3535.1	0.0	1962.5	0.0	1570.22	2.33	1962.54	1573	1374.54	2160.55	3130.51	598.77	0.0	0.049	0.019	0.008	0.004	0.001	0.000
1990-08-27	Perennial Ryegrass	7.6	-1	0	3547.6	0.0	1978.1	0.0	1567.15	2.32	1978.10	1569	1383.47	2164.10	3144.40	605.81	0.0	0.049	0.019	0.009	0.004	0.001	0.000
1990-08-28	Perennial Ryegrass	7.6	-1	0	3566.5	0.0	2000.1	0.0	1564.08	2.32	2000.10	1566	1396.54	2169.96	3162.05	616.16	0.0	0.050	0.020	0.009	0.004	0.001	0.000
1990-08-29	Perennial Ryegrass	7.6	-1	0	3574.2	0.0	2010.9	0.0	1559.19	4.14	2010.86	1563	1402.39	2171.80	3172.04	620.59	0.0	0.050	0.020	0.009	0.004	0.001	0.000
1990-08-30	Perennial Ryegrass	7.6	-1	0	3602.0	0.0	2043.5	0.0	1551.64	6.80	2043.54	1558	1421.65	2180.33	3195.48	636.32	0.0	0.052	0.021	0.009	0.004	0.001	0.000
1990-08-31	Perennial Ryegrass	7.6	-1	0	3603.0	0.0	2052.1	0.0	1508.77	42.13	2052.09	1551	1424.46	2178.53	3201.32	639.48	0.0	0.052	0.021	0.009	0.004	0.001	0.000
1990-09-01	Perennial Ryegrass	7.6	-1	0	3592.0	0.0	2084.0	0.0	1505.83	2.22	2083.97	1508	1429.51	2162.51	3185.81	654.59	0.0	0.053	0.021	0.009	0.004	0.001	0.000
1990-09-02	Perennial Ryegrass	7.6	-1	0	3637.4	0.0	2132.3	0.0	1489.04	16.07	2132.31	1505	1459.52	2177.91	3228.15	677.93	0.0	0.055	0.022	0.010	0.004	0.001	0.000
1990-09-03	Perennial Ryegrass	7.6	-1	0	3656.0	0.0	2167.7	0.0	1468.86	19.47	2167.67	1488	1476.28	2179.72	3249.37	694.39	0.0	0.056	0.023	0.010	0.004	0.001	0.000
1990-09-04	Perennial Ryegrass	7.6	-1	0	3673.2	0.0	2205.1	0.0	1466.01	2.15	2205.05	1468	1493.18	2180.04	3266.32	711.70	0.0	0.057	0.023	0.010	0.004	0.001	0.000
1990-09-05	Perennial Ryegrass	7.6	-1	0	3711.6	0.0	2246.2	0.0	1463.17	2.15	2246.24	1465	1518.61	2192.94	3304.08	730.72	0.0	0.059	0.024	0.010	0.004	0.001	0.000
1990-09-06	Perennial Ryegrass	7.6	-1	0	3745.5	0.0	2283.0	0.0	1460.33	2.15	2282.99	1462	1541.20	2204.26	3338.91	747.34	0.0	0.060	0.024	0.011	0.004	0.001	0.000
1990-09-07	Perennial Ryegrass	7.6	-1	0	3775.1	0.0	2315.5	0.0	1457.49	2.14	2315.46	1460	1561.04	2214.06	3369.40	761.73	0.0	0.061	0.025	0.011	0.005	0.001	0.000
1990-09-08	Perennial Ryegrass	7.6	-1	0	3807.5	0.0	2350.7	0.0	1454.67	2.14	2350.67	1457	1582.63	2224.84	3401.39	777.34	0.0	0.062	0.026	0.011	0.005	0.001	0.000
1990-09-09	Perennial Ryegrass	7.6	-1	0	3840.4	0.0	2386.5	0.0	1451.84	2.13	2386.47	1454	1604.59	2235.86	3434.35	793.10	0.0	0.064	0.026	0.011	0.005	0.001	0.000
1990-09-10	Perennial Ryegrass	7.6	-1	0	3868.3	0.0	2417.1	0.0	1449.03	2.13	2417.13	1451	1623.26	2245.03	3463.15	806.27	0.0	0.065	0.027	0.012	0.005	0.001	0.000
1990-09-11	Perennial Ryegrass	7.6	-1	0	3888.4	0.0	2440.1	0.0	1446.22	2.12	2440.07	1448	1636.99	2251.43	3484.62	815.63	0.0	0.065	0.027	0.012	0.005	0.001	0.000
1990-09-12	Perennial Ryegrass	7.6	-1	0	3906.2	0.0	2460.7	0.0	1381.57	63.97	2460.69	1446	1649.24	2256.99	3502.85	823.82	0.0	0.066	0.027	0.012	0.005	0.002	0.000
1990-09-13	Perennial Ryegrass	7.6	-1	0	3854.6	0.0	2473.7	0.0	1348.24	32.68	2473.71	1381	1635.17	2219.45	3452.51	828.36	0.0	0.066	0.027	0.012	0.005	0.002	0.000
1990-09-14	Perennial Ryegrass	7.6	-1	0	3855.7	0.0	2508.1	0.0	1345.65	1.96	2508.06	1348	1645.91	2209.76	3450.11	843.08	0.0	0.067	0.028	0.012	0.005	0.002	0.000
1990-09-15	Perennial Ryegrass	7.6	-1	0	3903.9	0.0	2558.9	0.0	1343.06	1.95	2558.88	1345	1677.52	2226.37	3495.79	865.54	0.0	0.069	0.029	0.012	0.005	0.002	0.000
1990-09-16	Perennial Ryegrass	7.6	-1	0	3951.9	0.0	2609.5	0.0	1337.42	5.00	2609.49	1342	1708.99	2242.92	3544.01	887.72	0.0	0.071	0.030	0.013	0.005	0.002	0.000
1990-09-17	Perennial Ryegrass	7.6	-1	0	3989.5	0.0	2652.7	0.0	1334.86	1.94	2652.75	1337	1734.75	2254.79	3582.91	906.24	0.0	0.072	0.030	0.013	0.005	0.002	0.000
1990-09-18	Perennial Ryegrass	7.6	-1	0	4026.6	0.0	2692.4	0.0	1332.30	1.93	2692.37	1334	1759.20	2267.40	3620.63	922.94	0.0	0.073	0.031	0.013	0.006	0.002	0.000
1990-09-19	Perennial Ryegrass	7.6	-1	0	4052.8	0.0	2721.2	0.0	1328.21	3.46	2721.16	1332	1776.74	2276.09	3648.55	934.45	0.0	0.074	0.031	0.013	0.006	0.002	0.000
1990-09-20	Perennial Ryegrass	7.6	-1	0	4094.4	0.0	2766.8	0.0	1302.39	25.19	2766.80	1328	1804.51	2289.87	3687.67	953.75	0.0	0.076	0.032	0.014	0.006	0.002	0.000
1990-09-21	Perennial Ryegrass	7.6	-1	0	4126.5	0.0	2824.7	0.0	1299.90	1.88	2824.69	1302	1832.89	2293.58	3718.10	978.60	0.0	0.078	0.033	0.014	0.006	0.002	0.000
1990-09-22	Perennial Ryegrass	7.6	-1	0	4159.1	0.0	2859.8	0.0	1297.41	1.88	2859.76	1299	1854.43	2304.62	3754.08	992.72	0.0	0.079	0.033	0.014	0.006	0.002	0.000
1990-09-23	Perennial Ryegrass	7.6	-1	0	4187.8	0.0	2891.0	0.0	1294.93	1.87	2890.96	1297	1873.51	2314.26	3783.41	1004.96	0.0	0.080	0.034	0.015	0.006	0.002	0.000
1990-09-24	Perennial Ryegrass	7.6	-1	0	4213.4	0.0	2919.1	0.0	1292.46	1.87	2919.08	1294	1890.62	2322.78	3809.52	1015.70	0.0	0.080	0.034	0.015	0.006	0.002	0.000
1990-09-25	Perennial Ryegrass	7.6	-1	0	4227.7	0.0	2935.8	0.0	1285.64	6.21	2935.82	1292	1900.50	2327.17	3825.38	1021.11	0.0	0.081	0.035	0.015	0.006	0.002	0.000
1990-09-26	Perennial Ryegrass	7.6	-1	0	4236.4	0.0	2951.4	0.0	1283.18	1.86	2951.36	1285	1908.21	2328.19	3834.28	1025.93	0.0	0.081	0.035	0.015	0.006	0.002	0.000
1990-09-27	Perennial Ryegrass	7.6	-1	0	4253.1	0.0	2970.5	0.0	1280.73	1.85	2970.52	1283	1919.63	2333.48	3850.51	1032.43	0.0	0.082	0.035	0.015	0.006	0.002	0.000
1990-09-28	Perennial Ryegrass	7.6	-1	0	4268.4	0.0	2988.3	0.0	1278.29	1.85	2988.28	1280	1930.16	2338.26	3866.02	1038.27	0.0	0.082	0.035	0.015	0.006	0.002	0.000
1990-09-29	Perennial Ryegrass	7.6	-1	0	4278.7	0.0	3001.0	0.0	1275.84	1.84	3000.99	1278	1937.48	2341.20	3876.98	1041.78	0.0	0.082	0.035	0.015	0.006	0.002	0.000
1990-09-30	Perennial Ryegrass	7.6	-1	0	4299.3	0.0	3024.1	0.0	1273.41	1.84	3024.06	1275	1951.39	2347.92	3896.24	1050.07	0.0	0.083	0.036	0.015	0.006	0.002	0.000
1990-10-01	Perennial Ryegrass	7.6	-1	0	4313.9	0.0	3041.1	0.0	1270.98	1.84	3041.06	1273	1961.44	2352.44	3911.63	1055.52	0.0	0.083	0.036	0.016	0.006	0.002	0.000
1990-10-02	Perennial Ryegrass	7.6	-1	0	4326.5	0.0	3056.1	0.0	1268.56	1.83	3056.08	1270	1970.23	2356.24	3924.49	1060.06	0.0	0.082	0.037	0.016	0.006	0.002	0.000
1990-10-03	Perennial Ryegrass	7.6	-1	0	4335.4	0.0	3067.5	0.0	1264.69	3.28	3067.47	1268	1976.72	2358.71	3933.95	1062.92	0.0	0.082	0.037	0.016	0.006	0.002	0.000
1990-10-04	Perennial Ryegrass	7.6	-1	0	4339.7	0.0	3075.6	0.0	1262.28	1.82	3075.56	1264	1980.66	2359.01	3938.61	1064.23	0.0	0.082	0.037	0.016	0.006	0.002	0.000
1990-10-05	Perennial Ryegrass	7.6	-1	0	4327.3	0.0	3065.6	0.0	1228.28	33.41	3065.58	1262	1972.78	2354.49	3928.57	1059.88	0.0	0.082	0.037	0.016	0.006	0.002	0.000
1990-10-06	Perennial Ryegrass	7.6	-1	0	4313.8	0.0	3086.1	0.0	1225.95	1.76	3086.10	1228	1974.95	2338.86	3911.13	1066.94	0.0	0.082	0.037	0.016	0.006	0.002	0.000
1990-10-07	Perennial Ryegrass	7.6	-1	0	4327.5	0.0	3102.2	0.0	1223.62	1.76	3102.17	1225	1984.45	2343.09	3925.46	1071.91	0.0	0.083	0.037	0.016	0.006	0.002	0.000
1990-10-08	Perennial Ryegrass	7.6	-1	0	4331.0	0.0	3108.0	0.0	1177.69	45.36	3107.99	1223	1987.45	2343.59	3930.29	1072.15	0.0	0.083	0.037	0.016	0.006	0.002	0.000
1990-10-09	Perennial Ryegrass	7.6	-1	0	4326.9	0.0	3149.8	0.0	1174.13	3.01	3149.79	1177	1999.58	2327.36	3921.55	1089.07	0.0	0.084	0.038	0.016	0.006	0.002	0.000
1990-10-10	Perennial Ryegrass	7.6	-1	0	4349.5	0.0	3175.9	0.0	1137.50	36.08	3175.90	1174	2015.08	2334.40	3946.17	1098.64	0.0	0.085	0.038	0.016	0.006	0.002	0.000
1990-10-11	Perennial Ryegrass	7.6	-1	0	4350.1	0.0	3213.1	0.0	1121.56	15.42	3213.08	1137	2027.48	2322.58	3945.38	1113.27	0.0	0.086	0.039	0.017	0.007	0.002	0.000
1990-10-12	Perennial Ryegrass	7.6	-1	0	4368.1	0.0	3247.0	0.0	1119.45	1.59	3247.05	1121	2044.26	2323.83	3963.86	1126.36	0.0	0.087	0.040	0.017	0.007	0.002	0.000
1990-10-13	Perennial Ryegrass	7.6	-1	0	4400.2	0.0	3281.2	0.0	1117.34	1.59	3281.22	1119	2065.32	2334.83	3995.94	1139.50	0.0	0.088	0.040	0.017	0.007	0.002	0.000
1990-10-14	Perennial Ryegrass	7.6	-1	0	4428.3	0.0	3311.4	0.0	1115.24	1.59	3311.43	1117	2083.87	2344.39	4024.58	1150.79	0.0	0.089	0.041	0.017	0.007	0.002	0.000
1990-10-15	Perennial Ryegrass	7.6	-1	0	4448.1	0.0	3333.4	0.0	1105.99	8.74	3333.41	1115	2097.20	2350.94	4045.48	1158.22	0.0	0.090	0.041	0.017	0.007	0.002	0.000
1990-10-16	Perennial Ryegrass	7.6	-1	0	4469.5	0.0	3364.1	0.0	1103.91	1.57	3364.07	1105	2113.91	2355.64	4065.87	1169.60	0.0	0.091	0.041	0.018	0.007	0.002	0.000
1990-10-17	Perennial Ryegrass	7.6	-1	0	4485.1	0.0	3381.7	0.0	1101.84	1.56	3381.75	1103	2124.52	2360.63	4083.05	1174.95	0.0	0.091	0.042	0.018	0.007	0.002	0.000
1990-10-18	Perennial Ryegrass	7.6	-1	0	4500.1	0.0	3398.8	0.0	1097.32	4.01	3398.78	1101	2134.72	2365.39	4098.10	1179.96	0.0	0.091	0.042	0.018	0.007	0.002	0.000
1990-10-19	Perennial Ryegrass	7.6	-1	0	4479.8	0.0	3383.0	0.0	1042.68	54.14	3382.99	1097	2122.03	2357.77	4081.66	1174.06	0.0	0.091	0.042	0.018	0.007	0.002	0.000
1990-10-20	Perennial Ryegrass	7.6	-1	0	4487.8	0.0	3445.6	0.0	1034.11	8.11	3445.58	1042	2145.67	2342.13	4080.39	1200.16	0.0	0.093	0.043	0.018	0.007	0.002	0.000
1990-10-21	Perennial Ryegrass	7.6	-1	0	4543.8	0.0	3510.2	0.0	996.97	36.67	3510.20	1034	2184.17	2359.68	4136.34	1227.05	0.0	0.095	0.044	0.018	0.007	0.002	0.000
1990-10-22	Perennial Ryegrass	7.6	-1	0	4575.6	0.0	3579.1	0.0	995.13	1.40	3579.06	997	2217.28	2358.30	4167.73	1255.74	0.0	0.097	0.045	0.019	0.007	0.002	0.000
1990-10-23	Perennial Ryegrass	7.6	-1	0	4639.1	0.0	3644.4	0.0	993.29	1.39	3644.36	995	2258.09	2380.96	4231.75	1282.61	0.0	0.099	0.046	0.019	0.007	0.002	0.000
1990-10-24	Perennial Ryegrass	7.6	-1	0	4680.6	0.0	3687.7	0.0	991.47	1.39	3687.73	993	2285.02	2395.57	4275.83	1299.33	0.0	0.101	0.046	0.020	0.007	0.002	0.000
1990-10-25	Perennial Ryegrass	7.6	-1	0	4707.9	0.0	3716.8	0.0	989.64	1.39	3716.83	991	2302.93	2404.93	4304.70	1309.49	0.0	0.101	0.047	0.020	0.007	0.002	0.000
1990-10-26	Perennial Ryegrass	7.6	-1	0	4732.8	0.0	3743.6	0.0	987.82	1.38	3743.59	989	2319.36	2413.43	4329.91	1318.53	0.0	0.102	0.047	0.020	0.007	0.002	0.000
1990-10-27	Perennial Ryegrass	7.6	-1	0	4754.2	0.0	3766.8	0.0	986.00	1.38	3766.79	987	2333.54	2420.63	4351.69	1325.84	0.0	0.103	0.047	0.020	0.007	0.002	0.000
1990-10-28	Perennial Ryegrass	7.6	-1	0	4769.0	0.0	3783.4	0.0	984.19	1.38	3783.45	986	2343.60	2425.42	4367.25	1330.08	0.0	0.103	0.048	0.020	0.007	0.002	0.000
1990-10-29	Perennial Ryegrass	7.6	-1	0	4778.9	0.0	3795.1	0.0	982.39	1.38	3795.13	984	2350.51	2428.38	4377.66	1331.95	0.0	0.103	0.048	0.020	0.007	0.002	0.000
1990-10-30	Perennial Ryegrass	7.6	-1	0	4782.7	0.0	3800.7	0.0	980.57	1.37	3800.74	982	2353.51	2429.17	4382.09	1330.78	0.0	0.103	0.048	0.020	0.007	0.002	0.000
1990-10-31	Perennial Ryegrass	7.6	-1	0	4787.5	0.0	3807.3	0.0	978.83	1.37	3807.32	980	2357.15	2430.37	4386.83	1329.93	0.0	0.103	0.048	0.020	0.007	0.002	0.000
1990-11-01	Perennial Ryegrass	7.6	-1	0	4795.1	0.0	3816.0	0.0	977.73	1.37	3816.02	979	2362.45	2432.67	4394.21	1330.12	0.0	0.103	0.048	0.020	0.007	0.002	0.000
1990-11-02	Perennial Ryegrass	7.6	-1	0	4807.3	0.0	3828.7	0.0	977.27	1.37	3828.65	979	2370.50	2436.79	4405.96	1332.08	0.0	0.103	0.048	0.020	0.007	0.002	0.000
1990-11-03	Perennial Ryegrass	7.6	-1	0	4798.8	0.0	3820.0	0.0	977.43	1.37	3820.00	979	2365.24	2433.56	4399.70	1326.92	0.0	0.102	0.048	0.020	0.007	0.002	0.000
1990-11-04	Perennial Ryegrass	7.6	-1	0	4807.1	0.0	3827.3	0.0	935.05	44.78	3827.32	980	2370.88	2436.26	4406.38	1327.15	0.0	0.102	0.048	0.020	0.008	0.002	0.000
1990-11-05	Perennial Ryegrass	7.6	-1	0	4796.4	0.0	3858.1	0.0	937.05	1.31	3858.06	938	2379.01	2417.41	4393.21	1336.63	0.0	0.102	0.048	0.020	0.008	0.002	0.000
1990-11-06	Perennial Ryegrass	7.6	-1	0	4817.3	0.0	3875.9	0.0	940.14	1.31	3875.90	941	2391.99	2425.35	4415.50	1341.25	0.0	0.103	0.048	0.021	0.008	0.002	0.000
1990-11-07	Perennial Ryegrass	7.6	-1	0	4835.9	0.0	3890.2	0.0	944.36	1.32	3890.18	946	2403.44	2432.43	4434.39	1344.68	0.0	0.103	0.049	0.021	0.008	0.002	0.000
1990-11-08	Perennial Ryegrass	7.6	-1	0	4845.7	0.0	3893.7	0.0	949.61	2.39	3893.71	952	2409.70	2436.01	4445.35	1344.73	0.0	0.103	0.049	0.021	0.008	0.002	0.000
1990-11-09	Perennial Ryegrass	7.6	-1	0	4855.9	0.0	3898.1	0.0	943.66	14.14	3898.08	958	2416.34	2439.54	4455.43	1345.02	0.0	0.103	0.049	0.021	0.008	0.002	0.000
1990-11-10	Perennial Ryegrass	7.6	-1	0	4873.2	0.0	3923.7	0.0	943.49	5.99	3923.71	949	2429.99	2443.20	4470.57	1351.00	0.0	0.103	0.049	0.021	0.008	0.002	0.000
1990-11-11	Perennial Ryegrass	7.6	-1	0	4893.3	0.0	3945.6	0.0	946.33	1.35	3945.64	948	2442.89	2450.44	4491.09	1355.11	0.0	0.104	0.049	0.021	0.008	0.002	0.000
1990-11-12	Perennial Ryegrass	7.6	-1	0	4907.5	0.0	3954.9	0.0	951.22	1.36	3954.93	953	2451.23	2456.28	4506.57	1355.95	0.0	0.104	0.049	0.021	0.008	0.002	0.000
1990-11-13	Perennial Ryegrass	7.6	-1	0	4917.1	0.0	3956.2	0.0	959.43	1.38	3956.25	961	2456.93	2460.12	4516.92	1355.27	0.0	0.104	0.049	0.021	0.008	0.002	0.000
1990-11-14	Perennial Ryegrass	7.6	-1	0	4892.9	0.0	3919.7	0.0	965.06	8.21	3919.65	973	2440.29	2452.64	4496.62	1346.13	0.0	0.103	0.049	0.021	0.008	0.002	0.000
1990-11-15	Perennial Ryegrass	7.6	-1	0	4883.0	0.0	3901.8	0.0	965.98	15.26	3901.78	981	2436.44	2446.58	4484.85	1341.84	0.0	0.103	0.049	0.021	0.008	0.002	0.000
1990-11-16	Perennial Ryegrass	7.6	-1	0	4877.8	0.0	3896.8	0.0	979.50	1.43	3896.85	981	2436.43	2441.34	4478.28	1340.16	0.0	0.103	0.049	0.021	0.008	0.002	0.000
1990-11-17	Perennial Ryegrass	7.6	-1	0	4877.0	0.0	3883.7	0.0	991.87	1.46	3883.69	993	2436.36	2440.66	4478.37	1336.45	0.0	0.102	0.048	0.021	0.008	0.002	0.000
1990-11-18	Perennial Ryegrass	7.6	-1	0	4881.4	0.0	3880.1	0.0	999.83	1.49	3880.05	1001	2438.87	2442.50	4481.75	1333.79	0.0	0.102	0.048	0.020	0.008	0.002	0.000
1990-11-19	Perennial Ryegrass	7.6	-1	0	4888.4	0.0	3876.9	0.0	1010.00	1.51	3876.85	1012	2442.69	2445.67	4488.69	1331.60	0.0	0.102	0.048	0.020	0.008	0.002	0.000
1990-11-20	Perennial Ryegrass	7.6	-1	0	4879.9	0.0	3853.3	0.0	1025.13	1.53	3853.29	1027	2437.17	2442.78	4482.37	1326.17	0.0	0.101	0.048	0.020	0.008	0.002	0.000
1990-11-21	Perennial Ryegrass	7.6	-1	0	4855.4	0.0	3809.3	0.0	1044.55	1.56	3809.29	1046	2419.32	2436.09	4459.97	1316.32	0.0	0.101	0.048	0.020	0.007	0.002	0.000
1990-11-22	Perennial Ryegrass	7.6	-1	0	4831.3	0.0	3764.8	0.0	1064.86	1.60	3764.80	1066	2401.78	2429.49	4435.94	1306.52	0.0	0.100	0.047	0.020	0.007	0.002	0.000
1990-11-23	Perennial Ryegrass	7.6	-1	0	4807.3	0.0	3719.4	0.0	1086.21	1.65	3719.43	1088	2384.36	2422.93	4412.11	1296.73	0.0	0.099	0.047	0.020	0.007	0.002	0.000
1990-11-24	Perennial Ryegrass	7.6	-1	0	4794.0	0.0	3686.2	0.0	1106.10	1.69	3686.23	1108	2375.05	2418.97	4397.59	1289.92	0.0	0.099	0.047	0.020	0.007	0.002	0.000
1990-11-25	Perennial Ryegrass	7.6	-1	0	4783.3	0.0	3652.9	0.0	1128.64	1.72	3652.91	1130	2367.66	2415.62	4386.89	1283.84	0.0	0.098	0.047	0.020	0.007	0.002	0.000
1990-11-26	Perennial Ryegrass	7.6	-1	0	4755.0	0.0	3591.5	0.0	1161.75	1.77	3591.54	1164	2347.01	2408.04	4361.77	1272.71	0.0	0.097	0.046	0.020	0.007	0.002	0.000
1990-11-27	Perennial Ryegrass	7.6	-1	0	4724.5	0.0	3520.9	0.0	1201.80	1.83	3520.91	1204	2324.62	2399.91	4332.40	1260.76	0.0	0.096	0.046	0.019	0.007	0.002	0.000
1990-11-28	Perennial Ryegrass	7.6	-1	0	4691.7	0.0	3440.3	0.0	1249.46	1.90	3440.30	1251	2300.44	2391.22	4300.82	1247.91	0.0	0.095	0.045	0.019	0.007	0.002	0.000
1990-11-29	Perennial Ryegrass	7.6	-1	0	4648.7	0.0	3339.6	0.0	1307.10	1.98	3339.65	1309	2268.62	2380.11	4260.43	1231.73	0.0	0.094	0.045	0.019	0.007	0.002	0.000
1990-11-30	Perennial Ryegrass	7.6	-1	0	4613.3	0.0	3246.1	0.0	1365.06	2.08	3246.14	1367	2242.46	2370.82	4224.48	1217.55	0.0	0.093	0.044	0.019	0.007	0.002	0.000
1990-12-01	Perennial Ryegrass	7.6	-1	0	4574.5	0.0	3143.7	0.0	1428.63	2.18	3143.74	1431	2213.77	2360.77	4187.16	1202.05	0.0	0.092	0.044	0.018	0.007	0.002	0.000
1990-12-02	Perennial Ryegrass	7.6	-1	0	4537.1	0.0	3037.9	0.0	1474.64	24.55	3037.87	1499	2186.00	2351.05	4150.53	1186.68	0.0	0.091	0.043	0.018	0.007	0.002	0.000
1990-12-03	Perennial Ryegrass	7.6	-1	0	4481.4	0.0	2932.8	0.0	1458.49	90.02	2932.85	1549	2150.67	2330.69	4095.19	1172.41	0.0	0.090	0.043	0.018	0.007	0.002	0.000
1990-12-04	Perennial Ryegrass	7.6	-1	0	4423.6	0.0	2893.1	0.0	1528.16	2.30	2893.13	1530	2123.69	2299.91	4029.02	1170.58	0.0	0.090	0.043	0.018	0.007	0.002	0.000
1990-12-05	Perennial Ryegrass	7.6	-1	0	4441.3	0.0	2839.7	0.0	1599.23	2.42	2839.69	1602	2132.46	2308.87	4048.73	1167.89	0.0	0.089	0.042	0.018	0.007	0.002	0.000
1990-12-06	Perennial Ryegrass	7.6	-1	0	4453.5	0.0	2774.2	0.0	1676.79	2.53	2774.15	1679	2138.54	2314.93	4062.70	1164.76	0.0	0.089	0.042	0.018	0.007	0.002	0.000
1990-12-07	Perennial Ryegrass	7.6	-1	0	4461.8	0.0	2701.4	0.0	1757.76	2.65	2701.35	1760	2142.76	2319.00	4072.26	1161.31	0.0	0.089	0.042	0.018	0.007	0.002	0.000
1990-12-08	Perennial Ryegrass	7.6	-1	0	4465.2	0.0	2623.3	0.0	1839.13	2.78	2623.26	1842	2144.61	2320.56	4076.73	1157.53	0.0	0.089	0.042	0.018	0.007	0.002	0.000
1990-12-09	Perennial Ryegrass	7.6	-1	0	4476.4	0.0	2572.6	0.0	1900.95	2.91	2572.57	1904	2150.39	2326.04	4084.16	1154.19	0.0	0.088	0.042	0.018	0.007	0.002	0.000
1990-12-10	Perennial Ryegrass	7.6	-1	0	4488.2	0.0	2541.9	0.0	1849.71	96.62	2541.87	1946	2156.46	2331.75	4092.98	1150.96	0.0	0.088	0.042	0.018	0.006	0.002	0.000
1990-12-11	Perennial Ryegrass	7.6	-1	0	4432.5	0.0	2545.9	0.0	1883.68	2.91	2545.92	1887	2131.94	2300.57	4031.87	1149.18	0.0	0.088	0.042	0.018	0.006	0.002	0.000
1990-12-12	Perennial Ryegrass	7.6	-1	0	4458.9	0.0	2536.1	0.0	1919.82	2.97	2536.14	1923	2145.37	2313.55	4060.46	1146.88	0.0	0.088	0.042	0.018	0.006	0.002	0.000
1990-12-13	Perennial Ryegrass	7.6	-1	0	4481.0	0.0	2518.6	0.0	1959.32	3.02	2518.62	1962	2156.63	2324.33	4083.72	1144.41	0.0	0.088	0.042	0.018	0.006	0.002	0.000
1990-12-14	Perennial Ryegrass	7.6	-1	0	4496.5	0.0	2492.3	0.0	2001.06	3.09	2492.32	2004	2164.64	2331.83	4100.64	1141.64	0.0	0.087	0.042	0.018	0.006	0.002	0.000
1990-12-15	Perennial Ryegrass	7.6	-1	0	4508.2	0.0	2460.5	0.0	2044.52	3.16	2460.52	2048	2170.77	2337.43	4113.30	1138.70	0.0	0.087	0.041	0.017	0.006	0.002	0.000
1990-12-16	Perennial Ryegrass	7.6	-1	0	4517.6	0.0	2410.3	0.0	2104.05	3.23	2410.34	2107	2175.76	2341.86	4125.78	1135.60	0.0	0.087	0.041	0.017	0.006	0.002	0.000
1990-12-17	Perennial Ryegrass	7.6	-1	0	4520.4	0.0	2355.4	0.0	2161.66	3.33	2355.44	2165	2177.44	2342.99	4129.54	1132.12	0.0	0.087	0.041	0.017	0.006	0.002	0.000
1990-12-18	Perennial Ryegrass	7.6	-1	0	4499.4	0.0	2264.9	0.0	2231.10	3.42	2264.88	2235	2161.58	2337.82	4114.78	1121.56	0.0	0.086	0.041	0.017	0.006	0.002	0.000
1990-12-19	Perennial Ryegrass	7.6	-1	0	4503.7	0.0	2228.0	0.0	2261.23	14.41	2228.04	2276	2164.06	2339.62	4110.19	1118.12	0.0	0.085	0.041	0.017	0.006	0.002	0.000
1990-12-20	Perennial Ryegrass	7.6	-1	0	4482.8	0.0	2161.5	0.0	2317.73	3.59	2161.48	2321	2152.40	2330.40	4094.74	1112.03	0.0	0.085	0.040	0.017	0.006	0.002	0.000
1990-12-21	Perennial Ryegrass	7.6	-1	0	4485.7	0.0	2116.0	0.0	2366.07	3.68	2115.99	2370	2154.23	2331.51	4094.16	1108.49	0.0	0.085	0.040	0.017	0.006	0.002	0.000
1990-12-22	Perennial Ryegrass	7.6	-1	0	4465.2	0.0	2040.2	0.0	2421.31	3.76	2040.16	2425	2138.85	2326.39	4079.57	1097.92	0.0	0.084	0.040	0.017	0.006	0.002	0.000
1990-12-23	Perennial Ryegrass	7.6	-1	0	4450.4	0.0	1981.0	0.0	2465.59	3.86	1980.99	2469	2128.26	2322.17	4062.04	1089.76	0.0	0.083	0.040	0.017	0.006	0.002	0.000
1990-12-24	Perennial Ryegrass	7.6	-1	0	4445.0	0.0	1944.4	0.0	2496.61	3.93	1944.43	2501	2125.62	2319.35	4052.35	1085.80	0.0	0.083	0.040	0.017	0.006	0.002	0.000
1990-12-25	Perennial Ryegrass	7.6	-1	0	4432.3	0.0	0.0	1891.6	2536.66	3.98	1891.61	2541	2116.83	2315.43	4043.12	1078.61	0.0	0.082	0.039	0.017	0.006	0.002	0.000
1990-12-26	Perennial Ryegrass	20.0	-1	0	4430.4	0.0	0.0	1603.0	2823.35	4.05	1603.01	2827	2116.68	2313.74	4091.44	1075.78	0.0	0.082	0.039	0.017	0.006	0.002	0.000
1990-12-27	Perennial Ryegrass	20.4	-1	0	4429.4	0.0	0.0	1334.2	3090.50	4.66	1334.21	3095	2117.08	2312.29	4096.44	1073.05	0.0	0.082	0.039	0.017	0.006	0.002	0.000
1990-12-28	Perennial Ryegrass	21.1	-1	0	4425.5	0.0	0.0	1080.6	3339.67	5.22	1080.64	3345	2115.51	2310.02	4101.56	1069.68	0.0	0.082	0.039	0.017	0.006	0.002	0.000
1990-12-29	Perennial Ryegrass	21.5	-1	0	4421.4	0.0	0.0	888.7	3526.93	5.75	888.73	3533	2113.68	2307.72	4092.44	1066.25	0.0	0.081	0.039	0.017	0.006	0.002	0.000
1990-12-30	Perennial Ryegrass	22.0	-1	0	4416.7	0.0	0.0	725.9	3684.63	6.15	725.90	3691	2111.38	2305.29	4089.96	1062.71	0.0	0.081	0.039	0.016	0.006	0.002	0.000
1990-12-31	Perennial Ryegrass	22.5	-1	0	4411.0	0.0	0.0	588.0	3801.39	21.58	588.02	3823	2108.38	2302.60	4086.96	1059.00	0.0	0.081	0.039	0.016	0.006	0.002	0.000
1991-01-01	Perennial Ryegrass	22.8	-1	0	4390.3	0.0	0.0	483.8	3899.75	6.73	483.84	3906	2096.22	2294.10	4061.19	1055.27	0.0	0.080	0.039	0.016	0.006	0.002	0.000
1991-01-02	Perennial Ryegrass	23.2	-1	0	4383.8	0.0	0.0	393.9	3982.99	6.94	393.91	3990	2092.61	2291.23	4058.19	1051.42	0.0	0.080	0.038	0.016	0.006	0.002	0.000
1991-01-03	Perennial Ryegrass	23.6	-1	0	4376.5	0.0	0.0	320.2	4049.18	7.12	320.24	4056	2088.39	2288.15	4056.30	1047.45	0.0	0.080	0.038	0.016	0.006	0.002	0.000
1991-01-04	Perennial Ryegrass	24.1	-1	0	4368.7	0.0	0.0	259.1	4102.25	7.26	259.14	4110	2083.73	2284.93	4109.51	1043.40	0.0	0.079	0.038	0.016	0.006	0.002	0.000
1991-01-05	Perennial Ryegrass	24.7	-1	0	4360.6	0.0	0.0	208.3	3854.93	297.34	208.31	4152	2078.91	2281.67	4152.27	1039.29	0.0	0.079	0.038	0.016	0.006	0.002	0.000
1991-01-06	Perennial Ryegrass	22.8	-1	0	4062.8	0.0	0.0	189.4	3853.14	20.30	189.39	3873	1888.87	2173.95	3873.44	1035.36	0.0	0.079	0.038	0.016	0.006	0.002	0.000
1991-01-07	Perennial Ryegrass	21.9	-1	0	4041.9	0.0	0.0	168.3	3866.74	6.88	168.25	3874	1876.00	2165.87	3873.62	1031.49	0.0	0.079	0.038	0.016	0.006	0.002	0.000
1991-01-08	Perennial Ryegrass	21.5	-1	0	4034.1	0.0	0.0	146.4	3880.73	6.91	146.44	3888	1871.38	2162.70	3887.63	1027.66	0.0	0.078	0.038	0.016	0.006	0.002	0.000
1991-01-09	Perennial Ryegrass	21.7	-1	0	4026.0	0.0	0.0	125.1	3893.90	6.94	125.12	3901	1866.52	2159.45	3900.84	1023.84	0.0	0.078	0.037	0.016	0.006	0.002	0.000
1991-01-10	Perennial Ryegrass	22.2	-1	0	4017.6	0.0	0.0	105.3	3905.28	6.97	105.30	3912	1861.43	2156.13	3912.25	1019.98	0.0	0.078	0.037	0.016	0.006	0.002	0.000
1991-01-11	Perennial Ryegrass	22.6	-1	0	4008.9	0.0	0.0	88.5	3874.40	45.97	88.53	3920	1856.15	2152.75	3920.37	1016.08	0.0	0.077	0.037	0.016	0.006	0.002	0.000
1991-01-12	Perennial Ryegrass	23.0	-1	0	3961.1	0.0	0.0	74.6	3876.84	9.69	74.57	3887	1826.00	2135.10	3886.53	1012.16	0.0	0.077	0.037	0.016	0.006	0.002	0.000
1991-01-13	Perennial Ryegrass	23.3	-1	0	3949.4	0.0	0.0	62.7	3879.75	6.94	62.73	3887	1818.77	2130.65	3886.69	1008.22	0.0	0.077	0.037	0.016	0.006	0.002	0.000
1991-01-14	Perennial Ryegrass	23.9	-1	0	3940.3	0.0	0.0	52.3	3881.09	6.95	52.30	3888	1813.16	2127.18	3888.04	1004.23	0.0	0.076	0.037	0.016	0.006	0.002	0.000
1991-01-15	Perennial Ryegrass	23.9	-1	0	3931.2	0.0	0.0	44.4	3879.83	6.95	44.41	3887	1807.50	2123.70	3886.79	1000.23	0.0	0.076	0.037	0.016	0.006	0.002	0.000
1991-01-16	Perennial Ryegrass	23.0	-1	0	3922.1	0.0	0.0	39.5	3875.62	6.95	39.53	3883	1801.87	2120.23	3882.57	996.33	0.0	0.076	0.036	0.015	0.006	0.002	0.000
1991-01-17	Perennial Ryegrass	22.5	-1	0	3912.9	0.0	0.0	34.7	3871.23	6.95	34.75	3878	1796.18	2116.75	3878.18	992.48	0.0	0.076	0.036	0.015	0.006	0.002	0.000
1991-01-18	Perennial Ryegrass	22.7	-1	0	3903.8	0.0	0.0	29.8	3866.98	6.94	29.84	3874	1790.49	2113.26	3873.92	988.49	0.0	0.075	0.036	0.015	0.006	0.002	0.000
1991-01-19	Perennial Ryegrass	22.8	-1	0	3894.6	0.0	0.0	25.7	3861.94	6.93	25.73	3869	1784.81	2109.79	3868.87	984.46	0.0	0.075	0.036	0.015	0.006	0.002	0.000
1991-01-20	Perennial Ryegrass	23.0	-1	0	3885.4	0.0	0.0	22.2	3856.34	6.92	22.18	3863	1779.13	2106.31	3863.27	980.35	0.0	0.075	0.036	0.015	0.006	0.002	0.000
1991-01-21	Perennial Ryegrass	22.4	-1	0	3876.3	0.0	0.0	19.7	3642.83	213.80	19.69	3857	1773.47	2102.85	3856.63	976.38	0.0	0.074	0.036	0.015	0.006	0.002	0.000
1991-01-22	Perennial Ryegrass	22.2	-1	0	3660.4	0.0	0.0	17.4	3458.67	184.39	17.37	3643	1636.46	2023.97	3643.06	972.38	0.0	0.074	0.036	0.015	0.005	0.002	0.000
1991-01-23	Perennial Ryegrass	21.4	-1	0	3474.1	0.0	0.0	15.7	3246.73	211.65	15.69	3458	1520.03	1954.05	3458.38	968.56	0.0	0.074	0.035	0.015	0.005	0.002	0.000
1991-01-24	Perennial Ryegrass	21.7	-1	0	3260.6	0.0	0.0	13.7	3241.24	5.69	13.66	3247	1388.54	1872.04	3246.93	964.57	0.0	0.073	0.035	0.015	0.005	0.002	0.000
1991-01-25	Perennial Ryegrass	22.3	-1	0	3253.1	0.0	0.0	11.8	3235.61	5.67	11.78	3241	1384.11	1868.96	3241.29	960.49	0.0	0.073	0.035	0.015	0.005	0.002	0.000
1991-01-26	Perennial Ryegrass	22.2	-1	0	3245.6	0.0	0.0	10.4	3229.51	5.66	10.39	3235	1379.68	1865.88	3235.17	956.50	0.0	0.073	0.035	0.015	0.005	0.002	0.000
1991-01-27	Perennial Ryegrass	21.7	-1	0	3238.1	0.0	0.0	9.3	3223.10	5.65	9.32	3229	1375.27	1862.80	3228.76	952.60	0.0	0.073	0.035	0.015	0.005	0.002	0.000
1991-01-28	Perennial Ryegrass	21.2	-1	0	3230.6	0.0	0.0	8.4	3216.55	5.64	8.41	3222	1370.87	1859.73	3222.19	948.76	0.0	0.072	0.035	0.015	0.005	0.002	0.000
1991-01-29	Perennial Ryegrass	20.6	-1	0	3223.1	0.0	0.0	7.6	3209.89	5.63	7.63	3216	1366.48	1856.67	3215.52	945.00	0.0	0.072	0.035	0.015	0.005	0.002	0.000
1991-01-30	Perennial Ryegrass	20.1	-1	0	3215.7	0.0	0.0	6.9	3203.16	5.62	6.93	3209	1362.10	1853.61	3208.78	941.27	0.0	0.072	0.034	0.015	0.005	0.002	0.000
1991-01-31	Perennial Ryegrass	20.5	-1	0	3208.3	0.0	0.0	6.2	3196.54	5.60	6.15	3202	1357.74	1850.55	3202.14	937.44	0.0	0.071	0.034	0.015	0.005	0.002	0.000
1991-02-01	Perennial Ryegrass	20.6	-1	0	3200.9	0.0	0.0	5.5	3189.82	5.59	5.48	3195	1353.39	1847.50	3195.41	933.61	0.0	0.071	0.034	0.015	0.005	0.002	0.000
1991-02-02	Perennial Ryegrass	20.5	-1	0	3193.5	0.0	0.0	4.9	3183.01	5.58	4.92	3189	1349.05	1844.46	3188.59	929.82	0.0	0.071	0.034	0.014	0.005	0.002	0.000
1991-02-03	Perennial Ryegrass	20.9	-1	0	3186.1	0.0	0.0	4.3	3176.23	5.56	4.35	3182	1344.72	1841.42	3181.79	925.92	0.0	0.070	0.034	0.014	0.005	0.002	0.000
1991-02-04	Perennial Ryegrass	21.7	-1	0	3178.8	0.0	0.0	3.8	3169.46	5.55	3.79	3175	1340.40	1838.39	3175.01	921.88	0.0	0.070	0.034	0.014	0.005	0.002	0.000
1991-02-05	Perennial Ryegrass	22.9	-1	0	3171.5	0.0	0.0	3.2	3094.19	74.03	3.24	3168	1336.10	1835.36	3168.23	917.67	0.0	0.070	0.034	0.014	0.005	0.002	0.000
1991-02-06	Perennial Ryegrass	22.9	-1	0	3095.7	0.0	0.0	2.9	2950.42	142.42	2.86	3093	1290.60	1805.10	3092.83	913.63	0.0	0.070	0.033	0.014	0.005	0.002	0.000
1991-02-07	Perennial Ryegrass	23.0	-1	0	2951.6	0.0	0.0	2.5	2944.01	5.10	2.52	2949	1204.59	1747.05	2949.11	909.55	0.0	0.069	0.033	0.014	0.005	0.002	0.000
1991-02-08	Perennial Ryegrass	23.3	-1	0	2944.9	0.0	0.0	2.2	2937.59	5.09	2.21	2943	1200.72	1744.17	2942.68	905.43	0.0	0.069	0.033	0.014	0.005	0.002	0.000
1991-02-09	Perennial Ryegrass	23.6	-1	0	2938.2	0.0	0.0	1.9	2931.15	5.08	1.93	2936	1196.86	1741.30	2936.23	901.28	0.0	0.069	0.033	0.014	0.005	0.001	0.000
1991-02-10	Perennial Ryegrass	23.2	-1	0	2931.4	0.0	0.0	1.7	2924.66	5.07	1.72	2930	1193.02	1738.43	2929.73	897.29	0.0	0.068	0.033	0.014	0.005	0.001	0.000
1991-02-11	Perennial Ryegrass	23.2	-1	0	2924.8	0.0	0.0	1.5	2918.18	5.05	1.52	2923	1189.19	1735.57	2923.23	893.27	0.0	0.068	0.033	0.014	0.005	0.001	0.000
1991-02-12	Perennial Ryegrass	23.4	-1	0	2918.1	0.0	0.0	1.3	2911.70	5.04	1.34	2917	1185.37	1732.71	2916.74	889.20	0.0	0.068	0.033	0.014	0.005	0.001	0.000
1991-02-13	Perennial Ryegrass	23.5	-1	0	2911.4	0.0	0.0	1.2	2905.21	5.03	1.18	2910	1181.56	1729.86	2910.24	885.14	0.0	0.067	0.032	0.014	0.005	0.001	0.000
1991-02-14	Perennial Ryegrass	23.7	-1	0	2904.8	0.0	0.0	1.0	2898.72	5.02	1.03	2904	1177.77	1727.01	2903.74	881.03	0.0	0.067	0.032	0.014	0.005	0.001	0.000
1991-02-15	Perennial Ryegrass	23.4	-1	0	2898.1	0.0	0.0	0.9	2827.58	69.65	0.92	2897	1173.98	1724.17	2897.23	877.03	0.0	0.067	0.032	0.014	0.005	0.001	0.000
1991-02-16	Perennial Ryegrass	22.8	-1	0	2826.9	0.0	0.0	0.8	2821.24	4.87	0.83	2826	1132.33	1694.60	2826.10	873.16	0.0	0.066	0.032	0.014	0.005	0.001	0.000
1991-02-17	Perennial Ryegrass	21.6	-1	0	2820.5	0.0	0.0	0.8	2814.89	4.85	0.77	2820	1128.69	1691.81	2819.74	869.47	0.0	0.066	0.032	0.014	0.005	0.001	0.000
1991-02-18	Perennial Ryegrass	21.2	-1	0	2814.1	0.0	0.0	0.7	2808.56	4.84	0.70	2813	1125.07	1689.03	2813.40	865.77	0.0	0.066	0.032	0.013	0.005	0.001	0.000
1991-02-19	Perennial Ryegrass	21.3	-1	0	2807.7	0.0	0.0	0.6	2802.25	4.83	0.62	2807	1121.45	1686.25	2807.08	862.02	0.0	0.066	0.032	0.013	0.005	0.001	0.000
1991-02-20	Perennial Ryegrass	20.8	-1	0	2801.3	0.0	0.0	0.6	2795.95	4.82	0.57	2801	1117.85	1683.48	2800.76	858.40	0.0	0.065	0.031	0.013	0.005	0.001	0.000
1991-02-21	Perennial Ryegrass	21.0	-1	0	2795.0	0.0	0.0	0.5	2789.66	4.80	0.51	2794	1114.26	1680.71	2794.46	854.74	0.0	0.065	0.031	0.013	0.005	0.001	0.000
1991-02-22	Perennial Ryegrass	21.3	-1	0	2788.6	0.0	0.0	0.5	2751.81	36.37	0.45	2788	1110.68	1677.94	2788.17	851.04	0.0	0.065	0.031	0.013	0.005	0.001	0.000
1991-02-23	Perennial Ryegrass	21.4	-1	0	2750.7	0.0	0.0	0.4	2745.62	4.72	0.41	2750	1088.83	1661.92	2750.34	847.41	0.0	0.064	0.031	0.013	0.005	0.001	0.000
1991-02-24	Perennial Ryegrass	21.6	-1	0	2744.5	0.0	0.0	0.4	2739.45	4.71	0.36	2744	1085.33	1659.18	2744.15	843.76	0.0	0.064	0.031	0.013	0.005	0.001	0.000
1991-02-25	Perennial Ryegrass	22.0	-1	0	2738.3	0.0	0.0	0.3	2733.28	4.69	0.32	2738	1081.85	1656.45	2737.98	840.07	0.0	0.064	0.031	0.013	0.005	0.001	0.000
1991-02-26	Perennial Ryegrass	22.6	-1	0	2732.1	0.0	0.0	0.3	2727.14	4.68	0.28	2732	1078.37	1653.73	2731.82	836.29	0.0	0.064	0.031	0.013	0.005	0.001	0.000
1991-02-27	Perennial Ryegrass	21.9	-1	0	2725.9	0.0	0.0	0.3	2720.99	4.67	0.26	2726	1074.91	1651.01	2725.66	832.75	0.0	0.063	0.030	0.013	0.005	0.001	0.000
1991-02-28	Perennial Ryegrass	21.4	-1	0	2719.8	0.0	0.0	0.2	2714.86	4.66	0.23	2720	1071.46	1648.30	2719.52	829.27	0.0	0.063	0.030	0.013	0.005	0.001	0.000
1991-03-01	Perennial Ryegrass	20.2	-1	0	2713.6	0.0	0.0	0.2	2708.74	4.65	0.22	2713	1068.02	1645.59	2713.39	825.95	0.0	0.063	0.030	0.013	0.005	0.001	0.000
1991-03-02	Perennial Ryegrass	18.9	-1	0	2707.5	0.0	0.0	0.2	2702.63	4.64	0.20	2707	1064.59	1642.88	2707.26	822.77	0.0	0.063	0.030	0.013	0.005	0.001	0.000
1991-03-03	Perennial Ryegrass	18.5	-1	0	2701.4	0.0	0.0	0.2	2696.54	4.62	0.19	2701	1061.17	1640.18	2701.16	819.56	0.0	0.062	0.030	0.013	0.005	0.001	0.000
1991-03-04	Perennial Ryegrass	18.6	-1	0	2695.2	0.0	0.0	0.2	2690.46	4.61	0.17	2695	1057.76	1637.49	2695.08	816.32	0.0	0.062	0.030	0.013	0.005	0.001	0.000
1991-03-05	Perennial Ryegrass	19.1	-1	0	2689.2	0.0	0.0	0.2	2684.41	4.60	0.15	2689	1054.36	1634.80	2689.01	813.01	0.0	0.062	0.030	0.013	0.005	0.001	0.000
1991-03-06	Perennial Ryegrass	20.2	-1	0	2683.1	0.0	0.0	0.1	2678.37	4.59	0.14	2683	1050.98	1632.11	2682.95	809.56	0.0	0.062	0.030	0.013	0.005	0.001	0.000
1991-03-07	Perennial Ryegrass	21.2	-1	0	2677.0	0.0	0.0	0.1	2672.34	4.58	0.12	2677	1047.61	1629.43	2676.92	806.06	0.0	0.061	0.029	0.013	0.005	0.001	0.000
1991-03-08	Perennial Ryegrass	21.9	-1	0	2671.0	0.0	0.0	0.1	2666.32	4.57	0.10	2671	1044.24	1626.75	2670.89	802.52	0.0	0.061	0.029	0.012	0.005	0.001	0.000
1991-03-09	Perennial Ryegrass	21.9	-1	0	2665.0	0.0	0.0	0.1	2656.72	8.16	0.09	2665	1040.89	1624.08	2664.88	799.06	0.0	0.061	0.029	0.012	0.005	0.001	0.000
1991-03-10	Perennial Ryegrass	21.1	-1	0	2655.4	0.0	0.0	0.1	2650.74	4.54	0.09	2655	1035.49	1619.87	2655.27	795.78	0.0	0.061	0.029	0.012	0.004	0.001	0.000
1991-03-11	Perennial Ryegrass	20.6	-1	0	2649.4	0.0	0.0	0.1	2644.77	4.52	0.08	2649	1032.16	1617.21	2649.29	792.53	0.0	0.060	0.029	0.012	0.004	0.001	0.000
1991-03-12	Perennial Ryegrass	19.7	-1	0	2643.4	0.0	0.0	0.1	2638.82	4.51	0.07	2643	1028.85	1614.55	2643.33	789.39	0.0	0.060	0.029	0.012	0.004	0.001	0.000
1991-03-13	Perennial Ryegrass	18.9	-1	0	2637.5	0.0	0.0	0.1	2632.88	4.50	0.07	2637	1025.55	1611.90	2637.38	786.33	0.0	0.060	0.029	0.012	0.004	0.001	0.000
1991-03-14	Perennial Ryegrass	18.8	-1	0	2631.5	0.0	0.0	0.1	2611.51	19.94	0.06	2631	1022.26	1609.26	2631.45	783.24	0.0	0.060	0.029	0.012	0.004	0.001	0.000
1991-03-15	Perennial Ryegrass	18.8	-1	0	2610.1	0.0	0.0	0.1	2598.66	11.42	0.06	2610	1010.18	1599.97	2610.09	780.16	0.0	0.059	0.029	0.012	0.004	0.001	0.000
1991-03-16	Perennial Ryegrass	18.7	-1	0	2597.3	0.0	0.0	0.1	2592.83	4.42	0.05	2597	1002.98	1594.33	2597.25	777.12	0.0	0.059	0.028	0.012	0.004	0.001	0.000
1991-03-17	Perennial Ryegrass	18.8	-1	0	2591.5	0.0	0.0	0.0	2587.01	4.41	0.05	2591	999.76	1591.71	2591.42	774.06	0.0	0.059	0.028	0.012	0.004	0.001	0.000
1991-03-18	Perennial Ryegrass	19.1	-1	0	2585.6	0.0	0.0	0.0	2581.21	4.40	0.04	2586	996.55	1589.10	2585.61	770.98	0.0	0.059	0.028	0.012	0.004	0.001	0.000
1991-03-19	Perennial Ryegrass	19.6	-1	0	2579.8	0.0	0.0	0.0	2575.42	4.39	0.04	2580	993.35	1586.49	2579.80	767.86	0.0	0.058	0.028	0.012	0.004	0.001	0.000
1991-03-20	Perennial Ryegrass	19.5	-1	0	2574.1	0.0	0.0	0.0	2569.64	4.38	0.04	2574	990.17	1583.89	2574.02	764.83	0.0	0.058	0.028	0.012	0.004	0.001	0.000
1991-03-21	Perennial Ryegrass	19.2	-1	0	2568.3	0.0	0.0	0.0	2563.88	4.37	0.03	2568	986.99	1581.29	2568.25	761.86	0.0	0.058	0.028	0.012	0.004	0.001	0.000
1991-03-22	Perennial Ryegrass	17.4	-1	0	2562.5	0.0	0.0	0.0	2558.13	4.36	0.03	2562	983.82	1578.69	2562.49	759.14	0.0	0.058	0.028	0.012	0.004	0.001	0.000
1991-03-23	Perennial Ryegrass	16.9	-1	0	2556.8	0.0	0.0	0.0	2552.40	4.35	0.03	2557	980.67	1576.10	2556.74	756.39	0.0	0.058	0.028	0.012	0.004	0.001	0.000
1991-03-24	Perennial Ryegrass	16.2	-1	0	2551.0	0.0	0.0	0.0	2546.68	4.33	0.03	2551	977.52	1573.52	2551.01	753.71	0.0	0.057	0.028	0.012	0.004	0.001	0.000
1991-03-25	Perennial Ryegrass	16.2	-1	0	2545.3	0.0	0.0	0.0	2540.97	4.32	0.03	2545	974.39	1570.94	2545.30	751.03	0.0	0.057	0.027	0.012	0.004	0.001	0.000
1991-03-26	Perennial Ryegrass	16.2	-1	0	2539.6	0.0	0.0	0.0	2535.29	4.31	0.02	2540	971.26	1568.36	2539.60	748.34	0.0	0.057	0.027	0.012	0.004	0.001	0.000
1991-03-27	Perennial Ryegrass	16.3	-1	0	2533.9	0.0	0.0	0.0	2529.61	4.30	0.02	2534	968.15	1565.79	2533.91	745.66	0.0	0.057	0.027	0.012	0.004	0.001	0.000
1991-03-28	Perennial Ryegrass	16.2	-1	0	2528.3	0.0	0.0	0.0	2523.95	4.29	0.02	2528	965.04	1563.22	2528.24	743.03	0.0	0.057	0.027	0.012	0.004	0.001	0.000
1991-03-29	Perennial Ryegrass	16.5	-1	0	2522.6	0.0	0.0	0.0	2410.72	111.87	0.02	2523	961.95	1560.66	2522.59	740.37	0.0	0.056	0.027	0.012	0.004	0.001	0.000
1991-03-30	Perennial Ryegrass	16.3	-1	0	2409.4	0.0	0.0	0.0	2343.42	66.00	0.02	2409	898.41	1511.02	2409.42	738.10	0.0	0.056	0.027	0.011	0.004	0.001	0.000
1991-03-31	Perennial Ryegrass	16.3	-1	0	2352.0	0.0	9.8	0.0	2338.23	3.93	9.79	2342	868.61	1483.34	2342.16	716.69	0.0	0.055	0.026	0.011	0.004	0.001	0.000
1991-04-01	Perennial Ryegrass	16.3	-1	0	2356.1	0.0	19.1	0.0	2305.90	31.07	19.12	2337	871.45	1484.65	2336.98	697.98	0.0	0.053	0.026	0.011	0.004	0.001	0.000
1991-04-02	Perennial Ryegrass	16.3	-1	0	2334.9	0.0	30.2	0.0	2300.81	3.86	30.20	2305	861.29	1473.57	2304.67	684.18	0.0	0.052	0.025	0.011	0.004	0.001	0.000
1991-04-03	Perennial Ryegrass	16.3	-1	0	2342.7	0.0	43.1	0.0	2295.72	3.85	43.15	2300	867.72	1475.00	2299.57	670.74	0.0	0.051	0.025	0.010	0.004	0.001	0.000
1991-04-04	Perennial Ryegrass	16.3	-1	0	2351.4	0.0	56.9	0.0	2290.65	3.84	56.88	2294	874.74	1476.62	2294.49	657.53	0.0	0.050	0.024	0.010	0.004	0.001	0.000
1991-04-05	Perennial Ryegrass	16.3	-1	0	2359.5	0.0	70.1	0.0	2285.59	3.83	70.09	2289	881.47	1478.04	2289.42	644.53	0.0	0.049	0.024	0.010	0.004	0.001	0.000
1991-04-06	Perennial Ryegrass	16.3	-1	0	2371.4	0.0	87.1	0.0	2280.55	3.82	87.06	2284	891.00	1480.43	2284.37	631.91	0.0	0.048	0.023	0.010	0.004	0.001	0.000
1991-04-07	Perennial Ryegrass	16.3	-1	0	2385.0	0.0	105.6	0.0	2275.51	3.81	105.63	2279	901.62	1483.33	2279.33	619.72	0.0	0.047	0.023	0.010	0.003	0.001	0.000
1991-04-08	Perennial Ryegrass	16.3	-1	0	2400.5	0.0	126.2	0.0	2270.49	3.80	126.16	2274	913.68	1486.78	2274.30	607.95	0.0	0.046	0.022	0.009	0.003	0.001	0.000
1991-04-09	Perennial Ryegrass	16.3	-1	0	2416.2	0.0	146.9	0.0	2265.48	3.79	146.89	2269	925.91	1490.26	2269.28	596.50	0.0	0.045	0.022	0.009	0.003	0.001	0.000
1991-04-10	Perennial Ryegrass	16.3	-1	0	2434.0	0.0	169.7	0.0	2260.49	3.78	169.73	2264	939.72	1494.28	2264.27	585.48	0.0	0.045	0.021	0.009	0.003	0.001	0.000
1991-04-11	Perennial Ryegrass	16.3	-1	0	2450.0	0.0	190.7	0.0	2249.59	9.70	190.71	2259	952.21	1497.78	2259.28	574.67	0.0	0.044	0.021	0.009	0.003	0.001	0.000
1991-04-12	Perennial Ryegrass	16.3	-1	0	2460.8	0.0	212.4	0.0	2244.63	3.75	212.43	2248	962.04	1498.77	2248.38	564.19	0.0	0.043	0.021	0.009	0.003	0.001	0.000
1991-04-13	Perennial Ryegrass	16.3	-1	0	2479.5	0.0	236.1	0.0	2239.69	3.75	236.07	2243	976.50	1503.00	2243.43	554.13	0.0	0.042	0.020	0.009	0.003	0.001	0.000
1991-04-14	Perennial Ryegrass	16.3	-1	0	2488.5	0.0	250.0	0.0	2192.75	45.74	249.99	2238	983.93	1504.55	2238.49	543.63	0.0	0.041	0.020	0.008	0.003	0.001	0.000
1991-04-15	Perennial Ryegrass	16.3	-1	0	2459.8	0.0	268.2	0.0	2187.94	3.65	268.20	2192	971.82	1487.97	2191.59	533.81	0.0	0.041	0.020	0.008	0.003	0.001	0.000
1991-04-16	Perennial Ryegrass	16.3	-1	0	2491.3	0.0	304.5	0.0	2183.14	3.64	304.52	2187	995.56	1495.74	2186.78	525.96	0.0	0.040	0.019	0.008	0.003	0.001	0.000
1991-04-17	Perennial Ryegrass	16.3	-1	0	2531.7	0.0	348.1	0.0	2180.02	3.63	348.08	2184	1025.45	1506.28	2183.64	519.52	0.0	0.040	0.019	0.008	0.003	0.001	0.000
1991-04-18	Perennial Ryegrass	16.3	-1	0	2558.2	0.0	379.3	0.0	2175.23	3.62	379.35	2179	1045.27	1512.94	2178.86	512.17	0.0	0.039	0.019	0.008	0.003	0.001	0.000
1991-04-19	Perennial Ryegrass	16.3	-1	0	2593.8	0.0	419.7	0.0	2170.46	3.61	419.70	2174	1071.62	1522.16	2174.08	509.18	0.0	0.039	0.019	0.008	0.003	0.001	0.000
1991-04-20	Perennial Ryegrass	16.3	-1	0	2616.8	0.0	447.5	0.0	2165.71	3.61	447.53	2169	1088.93	1527.91	2190.32	502.19	0.0	0.038	0.018	0.008	0.003	0.001	0.000
1991-04-21	Perennial Ryegrass	16.3	-1	0	2649.5	0.0	485.0	0.0	2160.96	3.60	484.97	2165	1113.18	1536.35	2216.06	498.59	0.0	0.038	0.018	0.008	0.003	0.001	0.000
1991-04-22	Perennial Ryegrass	16.3	-1	0	2676.7	0.0	516.1	0.0	2157.04	3.59	516.08	2161	1133.33	1543.38	2251.06	494.07	0.0	0.038	0.018	0.008	0.003	0.001	0.000
1991-04-23	Perennial Ryegrass	16.3	-1	0	2704.3	0.0	541.9	0.0	2158.77	3.58	541.94	2162	1153.83	1550.45	2284.25	491.69	0.0	0.037	0.018	0.008	0.003	0.001	0.000
1991-04-24	Perennial Ryegrass	16.3	-1	0	2730.4	0.0	572.8	0.0	2154.04	3.59	572.81	2158	1173.31	1557.13	2307.65	488.05	0.0	0.037	0.018	0.008	0.003	0.001	0.000
1991-04-25	Perennial Ryegrass	16.3	-1	0	2755.2	0.0	602.3	0.0	2081.69	71.21	602.35	2153	1191.75	1563.50	2334.62	487.62	0.0	0.037	0.018	0.008	0.003	0.001	0.000
1991-04-26	Perennial Ryegrass	16.3	-1	0	2705.7	0.0	625.1	0.0	2030.87	49.72	625.13	2081	1169.35	1536.37	2290.59	481.55	0.0	0.037	0.018	0.007	0.003	0.001	0.000
1991-04-27	Perennial Ryegrass	16.3	-1	0	2692.6	0.0	662.8	0.0	2025.12	4.68	662.75	2030	1169.18	1523.37	2268.48	481.41	0.0	0.037	0.018	0.007	0.003	0.001	0.000
1991-04-28	Perennial Ryegrass	16.3	-1	0	2718.4	0.0	694.4	0.0	2020.72	3.33	694.36	2024	1188.44	1529.98	2299.34	479.89	0.0	0.036	0.018	0.007	0.003	0.001	0.000
1991-04-29	Perennial Ryegrass	16.3	-1	0	2742.8	0.0	723.2	0.0	2016.33	3.33	723.18	2020	1206.44	1536.40	2326.23	477.82	0.0	0.036	0.018	0.007	0.003	0.001	0.000
1991-04-30	Perennial Ryegrass	16.3	-1	0	2768.1	0.0	752.8	0.0	2011.95	3.32	752.79	2015	1224.97	1543.09	2351.68	477.53	0.0	0.036	0.018	0.007	0.003	0.001	0.000
1991-05-01	Perennial Ryegrass	16.3	-1	0	2790.7	0.0	779.8	0.0	2007.58	3.31	779.84	2011	1241.65	1549.08	2376.36	476.33	0.0	0.036	0.018	0.007	0.003	0.001	0.000
1991-05-02	Perennial Ryegrass	16.3	-1	0	2811.4	0.0	804.9	0.0	2003.23	3.30	804.87	2007	1256.90	1554.50	2398.56	476.03	0.0	0.036	0.017	0.007	0.003	0.001	0.000
1991-05-03	Perennial Ryegrass	16.3	-1	0	2830.4	0.0	826.7	0.0	2000.38	3.29	826.71	2004	1270.96	1559.41	2419.52	476.66	0.0	0.036	0.018	0.007	0.003	0.001	0.000
1991-05-04	Perennial Ryegrass	16.3	-1	0	2848.5	0.0	847.4	0.0	1997.82	3.29	847.42	2001	1284.45	1564.08	2438.51	476.34	0.0	0.036	0.017	0.007	0.003	0.001	0.000
1991-05-05	Perennial Ryegrass	16.3	-1	0	2866.1	0.0	868.9	0.0	1993.86	3.28	868.91	1997	1297.47	1568.58	2455.91	475.13	0.0	0.036	0.017	0.007	0.003	0.001	0.000
1991-05-06	Perennial Ryegrass	16.3	-1	0	2882.9	0.0	890.0	0.0	1989.65	3.28	889.99	1993	1310.02	1572.89	2473.21	472.90	0.0	0.036	0.017	0.007	0.003	0.001	0.000
1991-05-07	Perennial Ryegrass	16.3	-1	0	2899.6	0.0	911.0	0.0	1985.33	3.27	910.99	1989	1322.42	1577.17	2490.15	470.15	0.0	0.036	0.017	0.007	0.003	0.001	0.000
1991-05-08	Perennial Ryegrass	16.3	-1	0	2915.4	0.0	931.2	0.0	1956.33	27.96	931.15	1984	1334.23	1581.22	2506.59	468.27	0.0	0.035	0.017	0.007	0.003	0.001	0.000
1991-05-09	Perennial Ryegrass	16.3	-1	0	2906.0	0.0	950.7	0.0	1939.89	15.41	950.72	1955	1332.83	1573.20	2497.62	465.60	0.0	0.035	0.017	0.007	0.003	0.001	0.000
1991-05-10	Perennial Ryegrass	16.3	-1	0	2909.2	0.0	970.3	0.0	1935.69	3.18	970.29	1939	1337.94	1571.21	2500.93	466.13	0.0	0.035	0.017	0.007	0.003	0.001	0.000
1991-05-11	Perennial Ryegrass	16.3	-1	0	2923.1	0.0	988.2	0.0	1931.68	3.17	988.24	1935	1348.37	1574.72	2515.69	465.65	0.0	0.035	0.017	0.007	0.003	0.001	0.000
1991-05-12	Perennial Ryegrass	16.3	-1	0	2936.2	0.0	1005.5	0.0	1927.53	3.16	1005.49	1931	1358.21	1577.97	2529.20	465.17	0.0	0.035	0.017	0.007	0.003	0.001	0.000
1991-05-13	Perennial Ryegrass	16.3	-1	0	2948.5	0.0	1022.0	0.0	1923.37	3.15	1022.00	1927	1367.53	1581.00	2541.96	463.77	0.0	0.035	0.017	0.007	0.003	0.001	0.000
1991-05-14	Perennial Ryegrass	16.3	-1	0	2960.3	0.0	1037.9	0.0	1919.22	3.15	1037.89	1922	1376.40	1583.85	2554.04	462.23	0.0	0.035	0.017	0.007	0.003	0.001	0.000
1991-05-15	Perennial Ryegrass	16.3	-1	0	2971.6	0.0	1053.4	0.0	1915.08	3.14	1053.36	1918	1384.99	1586.58	2565.61	460.72	0.0	0.035	0.017	0.007	0.003	0.001	0.000
1991-05-16	Perennial Ryegrass	16.3	-1	0	2982.2	0.0	1068.1	0.0	1910.95	3.13	1068.15	1914	1393.11	1589.12	2576.61	459.33	0.0	0.035	0.017	0.007	0.003	0.001	0.000
1991-05-17	Perennial Ryegrass	16.3	-1	0	2992.6	0.0	1082.6	0.0	1906.83	3.12	1082.62	1910	1401.01	1591.56	2587.15	456.88	0.0	0.035	0.017	0.007	0.003	0.001	0.000
1991-05-18	Perennial Ryegrass	16.3	-1	0	3002.4	0.0	1096.6	0.0	1902.72	3.11	1096.60	1906	1408.57	1593.87	2597.27	454.51	0.0	0.034	0.017	0.007	0.003	0.001	0.000
1991-05-19	Perennial Ryegrass	16.3	-1	0	3012.4	0.0	1110.6	0.0	1898.62	3.11	1110.64	1902	1416.17	1596.20	2607.25	451.25	0.0	0.034	0.017	0.007	0.003	0.001	0.000
1991-05-20	Perennial Ryegrass	16.3	-1	0	3019.2	0.0	1121.6	0.0	1844.26	53.37	1121.58	1898	1421.64	1597.57	2615.27	450.98	0.0	0.034	0.017	0.007	0.003	0.001	0.000
1991-05-21	Perennial Ryegrass	16.3	-1	0	2975.2	0.0	1131.9	0.0	1751.15	92.15	1131.92	1843	1401.11	1574.11	2571.53	452.45	0.0	0.034	0.017	0.007	0.003	0.001	0.000
1991-05-22	Perennial Ryegrass	16.3	-1	0	2899.2	0.0	1149.0	0.0	1679.43	70.81	1148.99	1750	1365.98	1533.24	2493.20	458.24	0.0	0.034	0.017	0.007	0.003	0.001	0.000
1991-05-23	Perennial Ryegrass	16.3	-1	0	2844.7	0.0	1166.2	0.0	1675.87	2.69	1166.18	1679	1342.45	1502.29	2438.75	464.09	0.0	0.035	0.017	0.007	0.003	0.001	0.000
1991-05-24	Perennial Ryegrass	16.3	-1	0	2855.7	0.0	1180.7	0.0	1672.32	2.69	1180.73	1675	1350.72	1505.01	2450.74	468.88	0.0	0.035	0.017	0.007	0.003	0.001	0.000
1991-05-25	Perennial Ryegrass	16.3	-1	0	2864.9	0.0	1193.4	0.0	1668.77	2.68	1193.42	1671	1357.72	1507.16	2460.58	472.93	0.0	0.036	0.018	0.007	0.003	0.001	0.000
1991-05-26	Perennial Ryegrass	16.3	-1	0	2873.4	0.0	1205.5	0.0	1665.24	2.67	1205.53	1668	1364.31	1509.13	2469.39	476.72	0.0	0.036	0.018	0.007	0.003	0.001	0.000
1991-05-27	Perennial Ryegrass	16.3	-1	0	2882.1	0.0	1217.7	0.0	1661.72	2.67	1217.75	1664	1370.99	1511.15	2478.08	480.57	0.0	0.036	0.018	0.007	0.003	0.001	0.000
1991-05-28	Perennial Ryegrass	16.3	-1	0	2889.5	0.0	1228.7	0.0	1658.20	2.66	1228.67	1661	1376.78	1512.76	2485.95	483.90	0.0	0.036	0.018	0.008	0.003	0.001	0.000
1991-05-29	Perennial Ryegrass	16.3	-1	0	2897.5	0.0	1240.2	0.0	1653.64	3.71	1240.18	1657	1382.97	1514.56	2493.78	487.47	0.0	0.037	0.018	0.008	0.003	0.001	0.000
1991-05-30	Perennial Ryegrass	16.3	-1	0	2903.3	0.0	1250.6	0.0	1650.14	2.65	1250.56	1653	1387.88	1515.46	2500.00	490.58	0.0	0.037	0.018	0.008	0.003	0.001	0.000
1991-05-31	Perennial Ryegrass	16.3	-1	0	2909.5	0.0	1260.2	0.0	1646.65	2.64	1260.21	1649	1392.81	1516.69	2506.41	493.41	0.0	0.037	0.018	0.008	0.003	0.001	0.000
1991-06-01	Perennial Ryegrass	16.3	-1	0	2915.6	0.0	1269.8	0.0	1643.18	2.63	1269.82	1646	1397.73	1517.91	2512.59	496.23	0.0	0.037	0.018	0.008	0.003	0.001	0.000
1991-06-02	Perennial Ryegrass	16.3	-1	0	2921.0	0.0	1278.7	0.0	1639.71	2.63	1278.67	1642	1402.12	1518.89	2518.22	498.74	0.0	0.038	0.018	0.008	0.003	0.001	0.000
1991-06-03	Perennial Ryegrass	16.3	-1	0	2926.9	0.0	1288.0	0.0	1634.17	4.70	1287.99	1639	1406.83	1520.03	2523.94	501.43	0.0	0.038	0.019	0.008	0.003	0.001	0.000
1991-06-04	Perennial Ryegrass	16.3	-1	0	2930.2	0.0	1296.8	0.0	1630.72	2.61	1296.84	1633	1410.23	1519.94	2527.42	503.94	0.0	0.038	0.019	0.008	0.003	0.001	0.000
1991-06-05	Perennial Ryegrass	16.3	-1	0	2934.9	0.0	1305.0	0.0	1627.28	2.61	1305.02	1630	1414.17	1520.73	2532.38	506.18	0.0	0.038	0.019	0.008	0.003	0.001	0.000
1991-06-06	Perennial Ryegrass	16.3	-1	0	2939.9	0.0	1313.4	0.0	1593.14	33.31	1313.41	1626	1418.27	1521.59	2537.28	508.51	0.0	0.038	0.019	0.008	0.003	0.001	0.000
1991-06-07	Perennial Ryegrass	16.3	-1	0	2915.1	0.0	1322.7	0.0	1498.17	94.16	1322.72	1592	1408.30	1506.75	2512.21	511.22	0.0	0.038	0.019	0.008	0.003	0.001	0.000
1991-06-08	Perennial Ryegrass	16.3	-1	0	2831.1	0.0	1333.7	0.0	1455.02	42.39	1333.73	1497	1370.79	1460.34	2427.80	514.63	0.0	0.039	0.019	0.008	0.003	0.001	0.000
1991-06-09	Perennial Ryegrass	16.3	-1	0	2802.6	0.0	1348.3	0.0	1395.18	59.10	1348.34	1454	1360.84	1441.79	2398.24	519.53	0.0	0.039	0.019	0.008	0.003	0.001	0.000
1991-06-10	Perennial Ryegrass	16.3	-1	0	2752.3	0.0	1357.8	0.0	1340.90	53.58	1357.83	1394	1340.07	1412.23	2349.49	522.30	0.0	0.039	0.019	0.008	0.003	0.001	0.000
1991-06-11	Perennial Ryegrass	16.3	-1	0	2709.4	0.0	1369.2	0.0	1277.29	62.94	1369.20	1340	1323.58	1385.85	2306.08	525.85	0.0	0.040	0.020	0.008	0.003	0.001	0.000
1991-06-12	Perennial Ryegrass	16.3	-1	0	2659.5	0.0	1382.9	0.0	1206.08	70.57	1382.85	1277	1304.98	1354.52	2255.51	530.37	0.0	0.040	0.020	0.008	0.003	0.001	0.000
1991-06-13	Perennial Ryegrass	16.3	-1	0	2605.4	0.0	1399.9	0.0	1203.64	1.85	1399.94	1205	1286.10	1319.32	2200.48	536.32	0.0	0.040	0.020	0.008	0.003	0.001	0.000
1991-06-14	Perennial Ryegrass	16.3	-1	0	2618.0	0.0	1415.0	0.0	1201.20	1.84	1414.98	1203	1295.25	1322.77	2213.72	541.41	0.0	0.041	0.020	0.008	0.003	0.001	0.000
1991-06-15	Perennial Ryegrass	16.3	-1	0	2628.4	0.0	1427.8	0.0	1198.76	1.84	1427.76	1201	1302.87	1325.49	2224.75	545.56	0.0	0.041	0.020	0.008	0.003	0.001	0.000
1991-06-16	Perennial Ryegrass	16.3	-1	0	2638.1	0.0	1439.9	0.0	1196.33	1.83	1439.90	1198	1310.06	1328.01	2234.67	549.43	0.0	0.041	0.020	0.009	0.003	0.001	0.000
1991-06-17	Perennial Ryegrass	16.3	-1	0	2645.6	0.0	1449.8	0.0	1193.91	1.83	1449.83	1196	1315.75	1329.81	2242.81	552.38	0.0	0.042	0.021	0.009	0.003	0.001	0.000
1991-06-18	Perennial Ryegrass	16.3	-1	0	2651.1	0.0	1457.8	0.0	1191.49	1.83	1457.81	1193	1320.15	1330.98	2248.92	554.52	0.0	0.042	0.021	0.009	0.003	0.001	0.000
1991-06-19	Perennial Ryegrass	16.3	-1	0	2655.3	0.0	1464.4	0.0	1189.08	1.82	1464.42	1191	1323.62	1331.70	2253.51	556.11	0.0	0.042	0.021	0.009	0.003	0.001	0.000
1991-06-20	Perennial Ryegrass	16.3	-1	0	2659.6	0.0	1471.1	0.0	1186.67	1.82	1471.07	1188	1327.13	1332.43	2257.74	557.72	0.0	0.042	0.021	0.009	0.003	0.001	0.000
1991-06-21	Perennial Ryegrass	16.3	-1	0	2663.7	0.0	1477.7	0.0	1184.27	1.81	1477.65	1186	1330.59	1333.15	2261.95	559.30	0.0	0.042	0.021	0.009	0.003	0.001	0.000
1991-06-22	Perennial Ryegrass	16.3	-1	0	2667.1	0.0	1483.4	0.0	1181.88	1.81	1483.42	1184	1333.50	1333.61	2265.54	560.54	0.0	0.042	0.021	0.009	0.003	0.001	0.000
1991-06-23	Perennial Ryegrass	16.3	-1	0	2670.9	0.0	1489.6	0.0	1166.40	14.89	1489.57	1181	1336.67	1334.19	2269.20	561.95	0.0	0.042	0.021	0.009	0.003	0.001	0.000
1991-06-24	Perennial Ryegrass	16.3	-1	0	2661.0	0.0	1495.1	0.0	1164.05	1.78	1495.15	1166	1334.08	1326.89	2259.48	563.12	0.0	0.042	0.021	0.009	0.003	0.001	0.000
1991-06-25	Perennial Ryegrass	16.3	-1	0	2665.4	0.0	1502.0	0.0	1161.70	1.77	1501.96	1163	1337.72	1327.71	2263.61	564.81	0.0	0.043	0.021	0.009	0.003	0.001	0.000
1991-06-26	Perennial Ryegrass	16.3	-1	0	2670.0	0.0	1508.9	0.0	1159.36	1.77	1508.92	1161	1341.46	1328.59	2268.19	566.54	0.0	0.043	0.021	0.009	0.003	0.001	0.000
1991-06-27	Perennial Ryegrass	16.3	-1	0	2673.2	0.0	1514.5	0.0	1157.02	1.77	1514.47	1159	1344.25	1329.00	2271.78	567.69	0.0	0.043	0.021	0.009	0.003	0.001	0.000
1991-06-28	Perennial Ryegrass	16.3	-1	0	2676.7	0.0	1520.2	0.0	1132.89	23.56	1520.21	1156	1347.18	1329.48	2275.14	568.92	0.0	0.043	0.021	0.009	0.003	0.001	0.000
1991-06-29	Perennial Ryegrass	16.3	-1	0	2658.6	0.0	1526.2	0.0	1112.78	19.55	1526.22	1132	1341.41	1317.14	2256.97	570.28	0.0	0.043	0.021	0.009	0.003	0.001	0.000
1991-06-30	Perennial Ryegrass	16.3	-1	0	2644.7	0.0	1532.5	0.0	1109.21	3.02	1532.47	1112	1337.52	1307.18	2243.07	571.74	0.0	0.043	0.021	0.009	0.003	0.001	0.000
1991-07-01	Perennial Ryegrass	16.3	-1	0	2646.2	0.0	1537.5	0.0	1106.99	1.68	1537.50	1109	1339.50	1306.67	2244.85	572.69	0.0	0.043	0.021	0.009	0.003	0.001	0.000
1991-07-02	Perennial Ryegrass	16.3	-1	0	2648.8	0.0	1542.3	0.0	1104.77	1.68	1542.35	1106	1341.89	1306.91	2247.53	573.57	0.0	0.043	0.021	0.009	0.003	0.001	0.000
1991-07-03	Perennial Ryegrass	16.3	-1	0	2651.8	0.0	1547.6	0.0	1101.23	3.00	1547.61	1104	1344.56	1307.28	2250.47	574.62	0.0	0.043	0.021	0.009	0.003	0.001	0.000
1991-07-04	Perennial Ryegrass	16.3	-1	0	2653.2	0.0	1552.5	0.0	1072.01	28.68	1552.51	1101	1346.46	1306.75	2251.94	575.54	0.0	0.043	0.021	0.009	0.003	0.001	0.000
1991-07-05	Perennial Ryegrass	16.3	-1	0	2629.5	0.0	1558.0	0.0	1061.99	9.49	1557.97	1071	1338.53	1290.92	2228.05	576.70	0.0	0.043	0.021	0.009	0.003	0.001	0.000
1991-07-06	Perennial Ryegrass	16.3	-1	0	2624.4	0.0	1563.0	0.0	1058.61	2.86	1562.96	1061	1337.97	1286.46	2223.15	577.67	0.0	0.044	0.021	0.009	0.003	0.001	0.000
1991-07-07	Perennial Ryegrass	16.3	-1	0	2625.4	0.0	1567.3	0.0	1056.50	1.59	1567.29	1058	1339.58	1285.80	2224.27	578.37	0.0	0.044	0.021	0.009	0.003	0.001	0.000
1991-07-08	Perennial Ryegrass	16.3	-1	0	2627.1	0.0	1571.1	0.0	1009.59	46.39	1571.09	1056	1341.33	1285.74	2226.11	578.85	0.0	0.044	0.021	0.009	0.003	0.001	0.000
1991-07-09	Perennial Ryegrass	16.3	-1	0	2585.6	0.0	1576.5	0.0	962.56	46.54	1576.54	1009	1326.77	1258.87	2184.25	580.06	0.0	0.044	0.021	0.009	0.003	0.001	0.000
1991-07-10	Perennial Ryegrass	16.3	-1	0	2543.3	0.0	1581.2	0.0	904.26	57.84	1581.18	962	1312.06	1231.21	2142.10	580.92	0.0	0.044	0.021	0.009	0.003	0.001	0.000
1991-07-11	Perennial Ryegrass	16.3	-1	0	2490.0	0.0	1586.1	0.0	856.72	47.10	1586.13	904	1293.88	1196.07	2088.70	581.92	0.0	0.044	0.022	0.009	0.003	0.001	0.000
1991-07-12	Perennial Ryegrass	16.3	-1	0	2450.0	0.0	1593.7	0.0	829.34	26.97	1593.67	856	1282.02	1167.97	2048.09	584.06	0.0	0.044	0.022	0.009	0.003	0.001	0.000
1991-07-13	Perennial Ryegrass	16.3	-1	0	2428.9	0.0	1599.9	0.0	824.93	4.02	1599.91	829	1276.77	1152.09	2027.29	585.64	0.0	0.044	0.022	0.009	0.003	0.001	0.000
1991-07-14	Perennial Ryegrass	16.3	-1	0	2429.7	0.0	1605.1	0.0	812.71	11.82	1605.15	825	1278.79	1150.89	2028.37	586.78	0.0	0.044	0.022	0.009	0.003	0.001	0.000
1991-07-15	Perennial Ryegrass	16.3	-1	0	2421.9	0.0	1609.6	0.0	811.14	1.18	1609.58	812	1277.65	1144.25	2020.80	587.57	0.0	0.044	0.022	0.009	0.003	0.001	0.000
1991-07-16	Perennial Ryegrass	16.3	-1	0	2423.9	0.0	1613.2	0.0	808.65	2.11	1613.19	811	1279.56	1144.39	2023.05	588.01	0.0	0.044	0.022	0.009	0.003	0.001	0.000
1991-07-17	Perennial Ryegrass	16.3	-1	0	2424.3	0.0	1616.1	0.0	807.09	1.17	1616.08	808	1280.67	1143.67	2023.62	588.14	0.0	0.044	0.022	0.009	0.003	0.001	0.000
1991-07-18	Perennial Ryegrass	16.3	-1	0	2425.2	0.0	1618.5	0.0	805.53	1.17	1618.54	807	1281.81	1143.43	2024.64	588.10	0.0	0.044	0.022	0.009	0.003	0.001	0.000
1991-07-19	Perennial Ryegrass	16.3	-1	0	2426.4	0.0	1621.3	0.0	803.98	1.17	1621.26	805	1283.13	1143.28	2025.74	588.16	0.0	0.044	0.022	0.009	0.003	0.001	0.000
1991-07-20	Perennial Ryegrass	16.3	-1	0	2427.8	0.0	1624.2	0.0	802.43	1.17	1624.23	804	1284.61	1143.22	2027.10	588.33	0.0	0.044	0.022	0.009	0.003	0.001	0.000
1991-07-21	Perennial Ryegrass	16.3	-1	0	2428.7	0.0	1626.6	0.0	800.89	1.16	1626.63	802	1285.72	1142.96	2028.09	588.25	0.0	0.044	0.022	0.009	0.003	0.001	0.000
1991-07-22	Perennial Ryegrass	16.3	-1	0	2429.5	0.0	1628.9	0.0	795.77	4.73	1628.95	801	1286.77	1142.68	2028.88	588.14	0.0	0.044	0.022	0.009	0.003	0.001	0.000
1991-07-23	Perennial Ryegrass	16.3	-1	0	2426.4	0.0	1631.0	0.0	794.24	1.15	1631.02	795	1286.48	1139.94	2025.91	587.94	0.0	0.044	0.022	0.009	0.003	0.001	0.000
1991-07-24	Perennial Ryegrass	16.3	-1	0	2426.9	0.0	1633.1	0.0	792.71	1.15	1633.08	794	1287.37	1139.58	2026.44	587.75	0.0	0.044	0.022	0.009	0.003	0.001	0.000
1991-07-25	Perennial Ryegrass	16.3	-1	0	2427.4	0.0	1635.1	0.0	791.19	1.15	1635.09	792	1288.22	1139.21	2026.93	587.53	0.0	0.044	0.022	0.009	0.003	0.001	0.000
1991-07-26	Perennial Ryegrass	16.3	-1	0	2427.5	0.0	1636.7	0.0	789.67	1.15	1636.70	791	1288.81	1138.70	2027.12	587.15	0.0	0.044	0.022	0.009	0.003	0.001	0.000
1991-07-27	Perennial Ryegrass	16.3	-1	0	2427.6	0.0	1638.3	0.0	785.49	3.81	1638.27	789	1289.38	1138.19	2027.18	586.76	0.0	0.044	0.022	0.009	0.003	0.001	0.000
1991-07-28	Perennial Ryegrass	16.3	-1	0	2425.2	0.0	1640.1	0.0	783.98	1.14	1640.12	785	1289.25	1135.98	2024.78	586.50	0.0	0.044	0.022	0.009	0.003	0.001	0.000
1991-07-29	Perennial Ryegrass	16.3	-1	0	2426.1	0.0	1642.5	0.0	782.47	1.13	1642.51	784	1290.37	1135.75	2025.53	586.48	0.0	0.044	0.022	0.009	0.003	0.001	0.000
1991-07-30	Perennial Ryegrass	16.3	-1	0	2426.9	0.0	1644.8	0.0	780.97	1.13	1644.77	782	1291.40	1135.47	2026.32	586.39	0.0	0.044	0.022	0.009	0.003	0.001	0.000
1991-07-31	Perennial Ryegrass	16.3	-1	0	2427.3	0.0	1646.7	0.0	776.42	4.18	1646.74	781	1292.24	1135.10	2026.86	586.18	0.0	0.044	0.022	0.009	0.003	0.001	0.000
1991-08-01	Perennial Ryegrass	16.3	-1	0	2425.1	0.0	1649.1	0.0	774.93	1.12	1649.08	776	1292.33	1132.80	2024.56	586.13	0.0	0.044	0.022	0.009	0.003	0.001	0.000
1991-08-02	Perennial Ryegrass	16.3	-1	0	2425.6	0.0	1651.1	0.0	773.45	1.12	1651.07	775	1293.19	1132.44	2025.15	585.92	0.0	0.044	0.022	0.009	0.003	0.001	0.000
1991-08-03	Perennial Ryegrass	16.3	-1	0	2426.4	0.0	1653.3	0.0	771.96	1.12	1653.32	773	1294.23	1132.17	2025.86	585.83	0.0	0.044	0.022	0.009	0.003	0.001	0.000
1991-08-04	Perennial Ryegrass	16.3	-1	0	2428.0	0.0	1656.4	0.0	754.33	17.27	1656.41	772	1295.82	1132.19	2027.26	586.09	0.0	0.044	0.022	0.009	0.003	0.001	0.000
1991-08-05	Perennial Ryegrass	16.3	-1	0	2413.9	0.0	1659.9	0.0	715.27	38.70	1659.90	754	1292.44	1121.43	2013.03	586.53	0.0	0.044	0.022	0.009	0.003	0.001	0.000
1991-08-06	Perennial Ryegrass	16.3	-1	0	2379.7	0.0	1664.8	0.0	713.91	1.02	1664.76	715	1283.20	1096.49	1978.52	587.60	0.0	0.044	0.022	0.009	0.003	0.001	0.000
1991-08-07	Perennial Ryegrass	16.3	-1	0	2382.6	0.0	1669.0	0.0	689.35	24.22	1669.00	714	1285.61	1096.96	1981.55	588.37	0.0	0.044	0.022	0.009	0.003	0.001	0.000
1991-08-08	Perennial Ryegrass	16.3	-1	0	2361.7	0.0	1672.7	0.0	686.89	2.14	1672.67	689	1280.49	1081.21	1960.82	588.91	0.0	0.044	0.022	0.009	0.003	0.001	0.000
1991-08-09	Perennial Ryegrass	16.3	-1	0	2362.1	0.0	1675.6	0.0	685.59	0.98	1675.57	687	1281.69	1080.44	1961.45	589.10	0.0	0.044	0.022	0.009	0.003	0.001	0.000
1991-08-10	Perennial Ryegrass	16.3	-1	0	2363.3	0.0	1678.0	0.0	684.29	0.98	1677.99	685	1282.93	1080.33	1962.68	589.08	0.0	0.044	0.022	0.009	0.003	0.001	0.000
1991-08-11	Perennial Ryegrass	16.3	-1	0	2364.3	0.0	1680.3	0.0	683.00	0.97	1680.29	684	1284.09	1080.18	1963.72	589.01	0.0	0.044	0.022	0.009	0.003	0.001	0.000
1991-08-12	Perennial Ryegrass	16.3	-1	0	2365.7	0.0	1683.0	0.0	681.71	0.97	1682.98	683	1285.50	1080.16	1965.02	589.11	0.0	0.045	0.022	0.009	0.003	0.001	0.000
1991-08-13	Perennial Ryegrass	16.3	-1	0	2367.3	0.0	1685.9	0.0	680.42	0.97	1685.92	681	1287.09	1080.23	1966.62	589.32	0.0	0.045	0.022	0.009	0.003	0.001	0.000
1991-08-14	Perennial Ryegrass	16.3	-1	0	2368.8	0.0	1688.7	0.0	675.81	4.30	1688.68	680	1288.55	1080.24	1968.14	589.45	0.0	0.045	0.022	0.009	0.003	0.001	0.000
1991-08-15	Perennial Ryegrass	16.3	-1	0	2366.9	0.0	1691.4	0.0	670.88	4.61	1691.44	675	1289.02	1077.92	1966.28	589.58	0.0	0.045	0.022	0.009	0.003	0.001	0.000
1991-08-16	Perennial Ryegrass	16.3	-1	0	2364.1	0.0	1693.5	0.0	669.61	0.95	1693.50	671	1288.93	1075.13	1963.58	589.41	0.0	0.045	0.022	0.009	0.003	0.001	0.000
1991-08-17	Perennial Ryegrass	16.3	-1	0	2364.6	0.0	1695.3	0.0	668.35	0.95	1695.35	669	1289.80	1074.85	1964.21	589.14	0.0	0.045	0.022	0.009	0.003	0.001	0.000
1991-08-18	Perennial Ryegrass	16.3	-1	0	2365.7	0.0	1697.6	0.0	667.09	0.95	1697.62	668	1290.95	1074.71	1965.12	589.07	0.0	0.045	0.022	0.009	0.003	0.001	0.000
1991-08-19	Perennial Ryegrass	16.3	-1	0	2366.6	0.0	1699.8	0.0	665.84	0.95	1699.77	667	1292.02	1074.53	1966.04	588.95	0.0	0.045	0.022	0.009	0.003	0.001	0.000
1991-08-20	Perennial Ryegrass	16.3	-1	0	2367.9	0.0	1702.4	0.0	649.04	16.48	1702.41	666	1293.43	1074.52	1967.32	589.04	0.0	0.045	0.022	0.009	0.003	0.001	0.000
1991-08-21	Perennial Ryegrass	16.3	-1	0	2353.5	0.0	1704.8	0.0	645.34	3.40	1704.80	649	1290.06	1063.48	1952.98	589.02	0.0	0.045	0.022	0.009	0.003	0.001	0.000
1991-08-22	Perennial Ryegrass	16.3	-1	0	2352.6	0.0	1707.6	0.0	636.93	8.11	1707.55	645	1290.83	1061.77	1951.95	589.17	0.0	0.045	0.022	0.009	0.003	0.001	0.000
1991-08-23	Perennial Ryegrass	16.3	-1	0	2347.5	0.0	1710.9	0.0	623.89	12.75	1710.86	637	1290.60	1056.89	1946.72	589.57	0.0	0.045	0.022	0.009	0.003	0.001	0.000
1991-08-24	Perennial Ryegrass	16.3	-1	0	2337.0	0.0	1713.4	0.0	622.72	0.88	1713.35	624	1288.53	1048.42	1936.37	589.60	0.0	0.045	0.022	0.009	0.003	0.001	0.000
1991-08-25	Perennial Ryegrass	16.3	-1	0	2338.3	0.0	1715.9	0.0	621.56	0.88	1715.86	622	1289.88	1048.41	1937.71	589.64	0.0	0.045	0.022	0.009	0.003	0.001	0.000
1991-08-26	Perennial Ryegrass	16.3	-1	0	2339.4	0.0	1718.1	0.0	620.39	0.87	1718.15	621	1291.08	1048.33	1938.88	589.58	0.0	0.045	0.022	0.009	0.003	0.001	0.000
1991-08-27	Perennial Ryegrass	16.3	-1	0	2340.7	0.0	1720.6	0.0	593.29	26.82	1720.56	620	1292.37	1048.30	1940.11	589.58	0.0	0.045	0.022	0.009	0.003	0.001	0.000
1991-08-28	Perennial Ryegrass	16.3	-1	0	2317.0	0.0	1724.0	0.0	592.18	0.83	1723.99	593	1287.01	1029.99	1916.21	590.05	0.0	0.045	0.022	0.009	0.003	0.001	0.000
1991-08-29	Perennial Ryegrass	16.3	-1	0	2318.7	0.0	1726.8	0.0	582.99	8.92	1726.76	592	1288.56	1030.11	1918.03	590.21	0.0	0.045	0.022	0.009	0.003	0.001	0.000
1991-08-30	Perennial Ryegrass	16.3	-1	0	2312.1	0.0	1729.3	0.0	566.86	15.86	1729.34	583	1287.77	1024.29	1911.47	590.30	0.0	0.045	0.022	0.009	0.003	0.001	0.000
1991-08-31	Perennial Ryegrass	16.3	-1	0	2298.7	0.0	1732.1	0.0	565.81	0.79	1732.08	567	1285.24	1013.44	1898.04	590.46	0.0	0.045	0.022	0.009	0.003	0.001	0.000
1991-09-01	Perennial Ryegrass	16.3	-1	0	2324.5	0.0	1758.9	0.0	564.76	0.79	1758.95	566	1302.82	1021.68	1918.29	601.95	0.0	0.046	0.022	0.009	0.004	0.001	0.000
1991-09-02	Perennial Ryegrass	16.3	-1	0	2340.9	0.0	1776.4	0.0	563.72	0.79	1776.42	565	1314.14	1026.78	1936.95	608.98	0.0	0.046	0.022	0.009	0.004	0.001	0.000
1991-09-03	Perennial Ryegrass	16.3	-1	0	2371.1	0.0	1807.6	0.0	562.67	0.78	1807.64	563	1334.58	1036.51	1964.07	622.38	0.0	0.047	0.023	0.010	0.004	0.001	0.000
1991-09-04	Perennial Ryegrass	16.3	-1	0	2395.4	0.0	1833.0	0.0	561.63	0.78	1832.97	562	1351.10	1044.28	1989.78	632.94	0.0	0.048	0.023	0.010	0.004	0.001	0.000
1991-09-05	Perennial Ryegrass	16.3	-1	0	2417.4	0.0	1856.1	0.0	560.60	0.78	1856.07	561	1366.14	1051.31	2012.41	642.39	0.0	0.049	0.024	0.010	0.004	0.001	0.000
1991-09-06	Perennial Ryegrass	16.3	-1	0	2452.5	0.0	1892.2	0.0	559.56	0.78	1892.18	560	1389.77	1062.75	2044.74	657.77	0.0	0.050	0.024	0.010	0.004	0.001	0.000
1991-09-07	Perennial Ryegrass	16.3	-1	0	2490.1	0.0	1930.8	0.0	558.53	0.78	1930.79	559	1415.03	1075.06	2081.93	674.18	0.0	0.051	0.025	0.010	0.004	0.001	0.000
1991-09-08	Perennial Ryegrass	16.3	-1	0	2516.6	0.0	1958.3	0.0	556.58	1.69	1958.35	558	1432.97	1083.65	2110.91	685.40	0.0	0.052	0.025	0.010	0.004	0.001	0.000
1991-09-09	Perennial Ryegrass	16.3	-1	0	2566.8	0.0	2010.5	0.0	555.55	0.77	2010.45	556	1466.85	1099.92	2156.13	707.76	0.0	0.053	0.026	0.011	0.004	0.001	0.000
1991-09-10	Perennial Ryegrass	16.3	-1	0	2587.9	0.0	2032.6	0.0	527.83	27.47	2032.61	555	1481.19	1106.72	2183.50	716.35	0.0	0.054	0.026	0.011	0.004	0.001	0.000
1991-09-11	Perennial Ryegrass	16.3	-1	0	2600.3	0.0	2072.7	0.0	521.10	6.49	2072.73	528	1500.35	1099.96	2192.42	733.07	0.0	0.055	0.027	0.011	0.004	0.001	0.000
1991-09-12	Perennial Ryegrass	16.3	-1	0	2630.7	0.0	2109.9	0.0	520.14	0.72	2109.89	521	1523.09	1107.65	2223.57	748.37	0.0	0.057	0.027	0.011	0.004	0.001	0.000
1991-09-13	Perennial Ryegrass	16.3	-1	0	2684.0	0.0	2164.1	0.0	519.19	0.72	2164.13	520	1558.51	1125.53	2273.75	771.31	0.0	0.058	0.028	0.012	0.005	0.001	0.000
1991-09-14	Perennial Ryegrass	16.3	-1	0	2733.3	0.0	2214.4	0.0	518.24	0.72	2214.39	519	1591.27	1142.07	2324.05	792.29	0.0	0.060	0.029	0.012	0.005	0.001	0.000
1991-09-15	Perennial Ryegrass	16.3	-1	0	2775.6	0.0	2257.6	0.0	511.64	6.36	2257.60	518	1619.37	1156.23	2367.80	809.97	0.0	0.061	0.030	0.012	0.005	0.001	0.000
1991-09-16	Perennial Ryegrass	16.3	-1	0	2836.2	0.0	2324.8	0.0	506.06	5.35	2324.84	511	1661.77	1174.47	2424.33	838.25	0.0	0.063	0.031	0.013	0.005	0.001	0.000
1991-09-17	Perennial Ryegrass	16.3	-1	0	2869.9	0.0	2364.1	0.0	491.83	14.00	2364.08	506	1685.57	1184.34	2463.16	852.85	0.0	0.065	0.031	0.013	0.005	0.002	0.000
1991-09-18	Perennial Ryegrass	16.3	-1	0	2899.9	0.0	2408.3	0.0	489.87	1.73	2408.29	492	1710.41	1189.49	2492.41	869.43	0.0	0.066	0.032	0.013	0.005	0.002	0.000
1991-09-19	Perennial Ryegrass	16.3	-1	0	2962.9	0.0	2473.2	0.0	488.20	1.47	2473.20	490	1751.43	1211.44	2552.08	894.46	0.0	0.068	0.033	0.014	0.005	0.002	0.000
1991-09-20	Perennial Ryegrass	16.3	-1	0	3019.1	0.0	2531.1	0.0	487.33	0.67	2531.08	488	1787.94	1231.14	2609.71	916.41	0.0	0.069	0.033	0.014	0.005	0.002	0.000
1991-09-21	Perennial Ryegrass	16.3	-1	0	3074.6	0.0	2587.5	0.0	473.05	14.11	2587.46	487	1823.65	1250.97	2665.71	937.63	0.0	0.071	0.034	0.014	0.006	0.002	0.000
1991-09-22	Perennial Ryegrass	16.3	-1	0	3112.1	0.0	2639.1	0.0	472.27	0.65	2639.14	473	1853.09	1258.97	2704.07	956.78	0.0	0.073	0.035	0.015	0.006	0.002	0.000
1991-09-23	Perennial Ryegrass	16.3	-1	0	3175.0	0.0	2702.9	0.0	471.49	0.65	2702.91	472	1893.35	1281.69	2765.38	980.70	0.0	0.074	0.036	0.015	0.006	0.002	0.000
1991-09-24	Perennial Ryegrass	16.3	-1	0	3225.8	0.0	2754.3	0.0	470.84	0.64	2754.29	471	1925.79	1299.98	2818.16	999.51	0.0	0.076	0.036	0.015	0.006	0.002	0.000
1991-09-25	Perennial Ryegrass	16.3	-1	0	3259.0	0.0	2788.0	0.0	467.68	3.32	2787.97	471	1947.09	1311.88	2854.08	1011.07	0.0	0.077	0.037	0.015	0.006	0.002	0.000
1991-09-26	Perennial Ryegrass	16.3	-1	0	3292.7	0.0	2824.8	0.0	446.34	21.53	2824.81	468	1969.69	1322.99	2887.39	1023.76	0.0	0.078	0.037	0.016	0.006	0.002	0.000
1991-09-27	Perennial Ryegrass	16.3	-1	0	3345.5	0.0	2898.8	0.0	446.07	0.61	2898.81	447	2011.35	1334.13	2935.00	1051.07	0.0	0.080	0.038	0.016	0.006	0.002	0.000
1991-09-28	Perennial Ryegrass	16.3	-1	0	3414.6	0.0	2968.0	0.0	446.03	0.61	2967.97	447	2054.87	1359.74	3005.06	1076.24	0.0	0.082	0.039	0.016	0.006	0.002	0.000
1991-09-29	Perennial Ryegrass	16.3	-1	0	3468.8	0.0	3021.8	0.0	446.37	0.61	3021.77	447	2088.89	1379.86	3061.50	1095.23	0.0	0.083	0.040	0.017	0.007	0.002	0.000
1991-09-30	Perennial Ryegrass	16.3	-1	0	3507.4	0.0	3059.6	0.0	447.23	0.61	3059.56	448	2113.15	1394.25	3102.40	1107.91	0.0	0.084	0.040	0.017	0.007	0.002	0.000
1991-10-01	Perennial Ryegrass	16.3	-1	0	3553.6	0.0	3105.1	0.0	447.87	0.61	3105.14	448	2141.94	1411.68	3147.66	1123.11	0.0	0.085	0.041	0.017	0.007	0.002	0.000
1991-10-02	Perennial Ryegrass	16.3	-1	0	3584.3	0.0	3134.1	0.0	449.60	0.62	3134.08	450	2161.06	1423.24	3180.56	1132.22	0.0	0.086	0.041	0.017	0.007	0.002	0.000
1991-10-03	Perennial Ryegrass	16.3	-1	0	3614.0	0.0	3161.4	0.0	451.90	0.62	3161.44	453	2179.42	1434.53	3210.46	1140.61	0.0	0.086	0.042	0.017	0.007	0.002	0.000
1991-10-04	Perennial Ryegrass	16.3	-1	0	3645.1	0.0	3189.3	0.0	455.09	0.63	3189.34	456	2198.51	1446.55	3241.53	1138.91	0.0	0.086	0.042	0.017	0.007	0.002	0.000
1991-10-05	Perennial Ryegrass	16.3	-1	0	3679.5	0.0	3219.9	0.0	458.98	0.64	3219.86	460	2219.38	1460.11	3275.65	1130.90	0.0	0.085	0.041	0.017	0.007	0.002	0.000
1991-10-06	Perennial Ryegrass	16.3	-1	0	3717.9	0.0	3253.9	0.0	457.45	6.56	3253.87	464	2242.35	1475.54	3313.66	1120.44	0.0	0.084	0.041	0.017	0.007	0.002	0.000
1991-10-07	Perennial Ryegrass	16.3	-1	0	3740.9	0.0	3278.2	0.0	462.04	0.65	3278.17	463	2257.78	1483.08	3337.88	1127.32	0.0	0.085	0.041	0.017	0.007	0.002	0.000
1991-10-08	Perennial Ryegrass	16.3	-1	0	3769.8	0.0	3303.2	0.0	465.96	0.66	3303.18	467	2274.72	1495.09	3366.75	1133.78	0.0	0.085	0.042	0.017	0.007	0.002	0.000
1991-10-09	Perennial Ryegrass	16.3	-1	0	3816.1	0.0	3347.1	0.0	468.32	0.67	3347.14	469	2301.41	1514.71	3410.80	1121.45	0.0	0.084	0.041	0.017	0.007	0.002	0.000
1991-10-10	Perennial Ryegrass	16.3	-1	0	3843.8	0.0	3370.6	0.0	472.54	0.68	3370.60	473	2317.33	1526.48	3441.01	1127.27	0.0	0.085	0.041	0.017	0.007	0.002	0.000
1991-10-11	Perennial Ryegrass	16.3	-1	0	3880.4	0.0	3403.1	0.0	476.52	0.69	3403.15	477	2338.06	1542.30	3476.50	1111.46	0.0	0.083	0.041	0.017	0.007	0.002	0.000
1991-10-12	Perennial Ryegrass	16.3	-1	0	3893.0	0.0	3409.9	0.0	482.42	0.70	3409.88	483	2345.28	1547.71	3492.21	1112.52	0.0	0.083	0.041	0.017	0.007	0.002	0.000
1991-10-13	Perennial Ryegrass	16.3	-1	0	3905.1	0.0	3414.1	0.0	490.20	0.71	3414.14	491	2352.09	1552.96	3504.55	1113.17	0.0	0.083	0.041	0.017	0.007	0.002	0.000
1991-10-14	Perennial Ryegrass	16.3	-1	0	3919.1	0.0	3419.8	0.0	498.58	0.73	3419.83	499	2359.88	1559.25	3518.47	1114.09	0.0	0.083	0.041	0.017	0.007	0.002	0.000
1991-10-15	Perennial Ryegrass	16.3	-1	0	3929.3	0.0	3421.3	0.0	507.30	0.75	3421.29	508	2365.48	1563.86	3529.17	1113.78	0.0	0.083	0.041	0.017	0.007	0.002	0.000
1991-10-16	Perennial Ryegrass	16.3	-1	0	3936.0	0.0	3418.4	0.0	516.83	0.77	3418.35	518	2369.10	1566.85	3536.29	1112.50	0.0	0.082	0.041	0.017	0.007	0.002	0.000
1991-10-17	Perennial Ryegrass	16.3	-1	0	3950.5	0.0	3429.1	0.0	520.61	0.80	3429.14	521	2376.81	1573.74	3549.28	1112.81	0.0	0.082	0.041	0.017	0.007	0.002	0.000
1991-10-18	Perennial Ryegrass	16.3	-1	0	3962.3	0.0	3434.7	0.0	526.75	0.81	3434.73	528	2382.98	1579.30	3561.63	1112.49	0.0	0.082	0.041	0.018	0.007	0.002	0.000
1991-10-19	Perennial Ryegrass	16.3	-1	0	3970.3	0.0	3434.5	0.0	534.97	0.82	3434.53	536	2387.21	1583.12	3570.35	1111.33	0.0	0.082	0.041	0.018	0.007	0.002	0.000
1991-10-20	Perennial Ryegrass	16.3	-1	0	3972.7	0.0	3426.2	0.0	545.72	0.84	3426.19	547	2388.52	1584.23	3573.72	1109.03	0.0	0.082	0.041	0.018	0.007	0.002	0.000
1991-10-21	Perennial Ryegrass	16.3	-1	0	3951.3	0.0	3388.1	0.0	561.02	2.22	3388.11	563	2370.70	1580.65	3555.79	1101.28	0.0	0.081	0.041	0.017	0.007	0.002	0.000
1991-10-22	Perennial Ryegrass	16.3	-1	0	3959.8	0.0	3385.2	0.0	573.68	0.90	3385.24	575	2375.00	1584.82	3560.16	1099.99	0.0	0.081	0.041	0.017	0.007	0.002	0.000
1991-10-23	Perennial Ryegrass	16.3	-1	0	3957.8	0.0	3368.8	0.0	588.11	0.93	3368.81	589	2373.78	1584.07	3559.79	1096.83	0.0	0.081	0.041	0.017	0.007	0.002	0.000
1991-10-24	Perennial Ryegrass	16.3	-1	0	3966.0	0.0	3362.2	0.0	583.96	19.83	3362.16	604	2377.76	1588.20	3566.75	1095.12	0.0	0.080	0.041	0.017	0.007	0.002	0.000
1991-10-25	Perennial Ryegrass	16.3	-1	0	3965.2	0.0	3365.1	0.0	584.40	15.71	3365.06	600	2377.04	1588.14	3564.83	1094.61	0.0	0.080	0.041	0.017	0.007	0.002	0.000
1991-10-26	Perennial Ryegrass	16.3	-1	0	3977.7	0.0	3380.6	0.0	589.49	7.57	3380.62	597	2382.71	1594.98	3575.83	1095.10	0.0	0.080	0.041	0.017	0.007	0.002	0.000
1991-10-27	Perennial Ryegrass	16.3	-1	0	3994.4	0.0	3392.0	0.0	601.48	0.97	3392.00	602	2390.53	1603.91	3593.10	1095.05	0.0	0.080	0.041	0.017	0.007	0.002	0.000
1991-10-28	Perennial Ryegrass	16.3	-1	0	4015.5	0.0	3401.9	0.0	612.20	1.39	3401.86	614	2400.55	1614.90	3614.29	1094.67	0.0	0.080	0.041	0.017	0.007	0.002	0.000
1991-10-29	Perennial Ryegrass	16.3	-1	0	4029.2	0.0	3398.5	0.0	629.71	1.01	3398.47	631	2407.04	1622.15	3629.59	1093.46	0.0	0.080	0.041	0.017	0.007	0.002	0.000
1991-10-30	Perennial Ryegrass	16.3	-1	0	4037.0	0.0	3382.6	0.0	638.17	16.24	3382.58	654	2410.69	1626.30	3638.86	1091.47	0.0	0.080	0.041	0.017	0.007	0.002	0.000
1991-10-31	Perennial Ryegrass	16.3	-1	0	4033.1	0.0	3368.1	0.0	662.66	2.33	3368.10	665	2407.80	1625.29	3634.80	1089.75	0.0	0.080	0.041	0.017	0.007	0.002	0.000
1991-11-01	Perennial Ryegrass	16.3	-1	0	4059.6	0.0	3382.9	0.0	675.58	1.11	3382.93	677	2420.14	1639.48	3657.86	1089.57	0.0	0.080	0.041	0.017	0.007	0.002	0.000
1991-11-02	Perennial Ryegrass	16.3	-1	0	4078.4	0.0	3381.4	0.0	695.86	1.14	3381.40	697	2428.87	1649.53	3678.57	1088.52	0.0	0.080	0.041	0.017	0.007	0.002	0.000
1991-11-03	Perennial Ryegrass	16.3	-1	0	4074.1	0.0	3348.6	0.0	692.19	33.33	3348.62	726	2425.75	1648.38	3678.01	1084.91	0.0	0.080	0.041	0.017	0.007	0.002	0.000
1991-11-04	Perennial Ryegrass	16.3	-1	0	4066.1	0.0	3343.4	0.0	717.94	4.76	3343.42	723	2419.00	1647.11	3666.74	1084.16	0.0	0.080	0.041	0.017	0.007	0.002	0.000
1991-11-05	Perennial Ryegrass	16.3	-1	0	4089.8	0.0	3344.2	0.0	743.84	1.70	3344.24	746	2429.64	1660.15	3689.68	1083.58	0.0	0.080	0.041	0.017	0.007	0.002	0.000
1991-11-06	Perennial Ryegrass	16.3	-1	0	4118.5	0.0	3348.1	0.0	769.06	1.26	3348.15	770	2442.85	1675.63	3718.01	1083.10	0.0	0.080	0.041	0.017	0.007	0.002	0.000
1991-11-07	Perennial Ryegrass	16.3	-1	0	4131.0	0.0	3329.5	0.0	800.17	1.31	3329.49	801	2448.53	1682.45	3733.20	1081.25	0.0	0.079	0.041	0.017	0.007	0.002	0.000
1991-11-08	Perennial Ryegrass	16.3	-1	0	4149.4	0.0	3329.0	0.0	819.08	1.37	3329.00	820	2456.97	1692.47	3749.50	1079.89	0.0	0.079	0.040	0.017	0.007	0.002	0.000
1991-11-09	Perennial Ryegrass	16.3	-1	0	4166.9	0.0	3328.3	0.0	837.22	1.40	3328.30	839	2464.94	1701.98	3767.01	1078.48	0.0	0.079	0.040	0.017	0.007	0.002	0.000
1991-11-10	Perennial Ryegrass	16.3	-1	0	4181.7	0.0	3326.0	0.0	854.26	1.43	3325.97	856	2471.62	1710.05	3781.95	1076.89	0.0	0.079	0.040	0.017	0.007	0.002	0.000
1991-11-11	Perennial Ryegrass	16.3	-1	0	4194.8	0.0	3321.9	0.0	871.38	1.46	3321.95	873	2477.53	1717.26	3795.27	1075.20	0.0	0.079	0.040	0.017	0.007	0.002	0.000
1991-11-12	Perennial Ryegrass	16.3	-1	0	4200.8	0.0	3307.3	0.0	892.02	1.49	3307.28	894	2480.13	1720.66	3802.56	1072.97	0.0	0.079	0.040	0.017	0.007	0.002	0.000
1991-11-13	Perennial Ryegrass	16.3	-1	0	4199.6	0.0	3276.8	0.0	921.21	1.53	3276.84	923	2479.37	1720.20	3803.26	1070.19	0.0	0.079	0.040	0.017	0.007	0.002	0.000
1991-11-14	Perennial Ryegrass	16.3	-1	0	4199.8	0.0	3250.9	0.0	947.29	1.58	3250.92	949	2479.27	1720.52	3802.96	1067.54	0.0	0.078	0.040	0.017	0.007	0.002	0.000
1991-11-15	Perennial Ryegrass	16.3	-1	0	4187.1	0.0	3209.7	0.0	975.73	1.63	3209.75	977	2469.31	1717.80	3792.18	1062.08	0.0	0.078	0.040	0.017	0.007	0.002	0.000
1991-11-16	Perennial Ryegrass	16.3	-1	0	4171.6	0.0	3154.7	0.0	1015.25	1.68	3154.68	1017	2457.02	1714.59	3778.47	1055.84	0.0	0.078	0.040	0.017	0.007	0.002	0.000
1991-11-17	Perennial Ryegrass	16.3	-1	0	4166.4	0.0	3121.8	0.0	1042.86	1.75	3121.81	1045	2453.30	1713.11	3770.59	1052.23	0.0	0.077	0.039	0.017	0.007	0.002	0.000
1991-11-18	Perennial Ryegrass	16.3	-1	0	4154.3	0.0	3074.9	0.0	1077.64	1.80	3074.89	1079	2443.89	1710.43	3760.33	1046.81	0.0	0.077	0.039	0.017	0.007	0.002	0.000
1991-11-19	Perennial Ryegrass	16.3	-1	0	4127.9	0.0	3004.2	0.0	1116.85	6.88	3004.18	1124	2422.65	1705.26	3737.11	1037.58	0.0	0.076	0.039	0.016	0.007	0.002	0.000
1991-11-20	Perennial Ryegrass	16.3	-1	0	4102.9	0.0	2950.4	0.0	1150.53	1.92	2950.42	1152	2403.79	1699.08	3710.03	1030.00	0.0	0.076	0.039	0.016	0.006	0.002	0.000
1991-11-21	Perennial Ryegrass	16.3	-1	0	4090.7	0.0	2908.8	0.0	1179.95	1.98	2908.79	1182	2394.39	1696.33	3696.36	1024.54	0.0	0.075	0.038	0.016	0.006	0.002	0.000
1991-11-22	Perennial Ryegrass	16.3	-1	0	4075.1	0.0	2854.6	0.0	1218.53	2.03	2854.55	1221	2382.14	1692.97	3682.58	1018.11	0.0	0.075	0.038	0.016	0.006	0.002	0.000
1991-11-23	Perennial Ryegrass	16.3	-1	0	4051.5	0.0	2787.2	0.0	1262.25	2.10	2787.18	1264	2363.26	1688.27	3660.97	1009.40	0.0	0.074	0.038	0.016	0.006	0.002	0.000
1991-11-24	Perennial Ryegrass	16.3	-1	0	4022.4	0.0	2706.2	0.0	1313.97	2.17	2706.21	1316	2339.71	1682.64	3633.98	998.97	0.0	0.073	0.037	0.016	0.006	0.002	0.000
1991-11-25	Perennial Ryegrass	16.3	-1	0	3989.5	0.0	2618.9	0.0	1368.34	2.26	2618.87	1371	2313.03	1676.43	3602.37	987.26	0.0	0.073	0.037	0.016	0.006	0.002	0.000
1991-11-26	Perennial Ryegrass	16.3	-1	0	3961.1	0.0	2535.9	0.0	1373.17	51.99	2535.94	1425	2290.09	1671.00	3573.77	976.70	0.0	0.072	0.037	0.015	0.006	0.002	0.000
1991-11-27	Perennial Ryegrass	16.3	-1	0	3889.4	0.0	2475.7	0.0	1411.27	2.35	2475.73	1414	2243.56	1645.79	3498.85	967.93	0.0	0.071	0.036	0.015	0.006	0.002	0.000
1991-11-28	Perennial Ryegrass	16.3	-1	0	3869.7	0.0	2415.7	0.0	1451.59	2.41	2415.67	1454	2227.86	1641.80	3479.37	959.84	0.0	0.071	0.036	0.015	0.006	0.002	0.000
1991-11-29	Perennial Ryegrass	16.3	-1	0	3845.3	0.0	2350.9	0.0	1489.96	4.44	2350.86	1494	2208.16	1637.10	3455.99	950.20	0.0	0.070	0.036	0.015	0.006	0.002	0.000
1991-11-30	Perennial Ryegrass	16.3	-1	0	3830.2	0.0	0.0	2315.3	1512.41	2.54	2315.27	1515	2196.91	1633.31	3436.28	944.22	0.0	0.069	0.035	0.015	0.006	0.002	0.000
1991-12-01	Perennial Ryegrass	14.8	-1	0	3829.0	0.0	0.0	2079.2	1747.22	2.58	2079.22	1750	2196.47	1632.55	3469.81	942.29	0.0	0.069	0.035	0.015	0.006	0.002	0.000
1991-12-02	Perennial Ryegrass	15.4	-1	0	3827.4	0.0	0.0	1808.3	2016.04	3.07	1808.27	2019	2195.73	1631.64	3479.50	940.16	0.0	0.069	0.035	0.015	0.006	0.002	0.000
1991-12-03	Perennial Ryegrass	15.7	-1	0	3825.0	0.0	0.0	1584.0	2227.55	13.45	1584.03	2241	2194.45	1630.58	3474.63	937.93	0.0	0.069	0.035	0.015	0.006	0.002	0.000
1991-12-04	Perennial Ryegrass	15.9	-1	0	3812.5	0.0	0.0	1397.2	2411.25	4.07	1397.16	2415	2186.52	1625.96	3459.67	935.72	0.0	0.069	0.035	0.015	0.006	0.002	0.000
1991-12-05	Perennial Ryegrass	15.7	-1	0	3808.9	0.0	0.0	1254.1	2550.38	4.46	1254.09	2555	2184.29	1624.64	3449.89	933.41	0.0	0.068	0.035	0.015	0.006	0.002	0.000
1991-12-06	Perennial Ryegrass	15.7	-1	0	3804.9	0.0	0.0	1121.1	2679.10	4.75	1121.05	2684	2181.68	1623.23	3447.34	931.04	0.0	0.068	0.035	0.015	0.006	0.002	0.000
1991-12-07	Perennial Ryegrass	16.4	-1	0	3800.5	0.0	0.0	963.4	2832.00	5.02	963.43	2837	2178.74	1621.72	3456.70	928.61	0.0	0.068	0.035	0.015	0.006	0.002	0.000
1991-12-08	Perennial Ryegrass	17.3	-1	0	3795.2	0.0	0.0	811.1	2978.75	5.34	811.10	2984	2175.21	1619.99	3458.44	926.00	0.0	0.068	0.035	0.015	0.006	0.002	0.000
1991-12-09	Perennial Ryegrass	18.1	-1	0	3789.2	0.0	0.0	684.8	3098.78	5.65	684.83	3104	2171.16	1618.09	3451.52	923.25	0.0	0.068	0.034	0.015	0.006	0.002	0.000
1991-12-10	Perennial Ryegrass	18.9	-1	0	3783.1	0.0	0.0	571.2	2978.80	233.12	571.21	3212	2166.97	1616.17	3449.49	920.47	0.0	0.067	0.034	0.015	0.006	0.002	0.000
1991-12-11	Perennial Ryegrass	17.7	-1	0	3553.7	0.0	0.0	529.4	3018.67	5.64	529.43	3024	2004.17	1549.57	3183.00	918.15	0.0	0.067	0.034	0.015	0.006	0.002	0.000
1991-12-12	Perennial Ryegrass	16.7	-1	0	3551.4	0.0	0.0	493.2	2933.81	124.37	493.20	3058	2002.70	1548.68	3178.75	915.85	0.0	0.067	0.034	0.015	0.006	0.002	0.000
1991-12-13	Perennial Ryegrass	16.1	-1	0	3430.0	0.0	0.0	454.7	2816.80	158.50	454.67	2975	1917.15	1512.83	3061.23	913.54	0.0	0.067	0.034	0.015	0.006	0.002	0.000
1991-12-14	Perennial Ryegrass	16.3	-1	0	3274.1	0.0	0.0	406.5	2862.24	5.30	406.54	2868	1807.91	1466.16	2916.42	911.18	0.0	0.067	0.034	0.015	0.006	0.002	0.000
1991-12-15	Perennial Ryegrass	17.0	-1	0	3270.8	0.0	0.0	354.7	2910.74	5.39	354.69	2916	1805.89	1464.94	2921.85	908.74	0.0	0.066	0.034	0.015	0.006	0.002	0.000
1991-12-16	Perennial Ryegrass	16.7	-1	0	3267.0	0.0	0.0	322.2	2939.27	5.50	322.22	2945	1803.44	1463.54	2944.76	906.26	0.0	0.066	0.034	0.015	0.006	0.002	0.000
1991-12-17	Perennial Ryegrass	16.1	-1	0	3262.7	0.0	0.0	298.7	2954.03	9.96	298.74	2964	1800.67	1462.06	2963.99	903.81	0.0	0.066	0.034	0.014	0.006	0.002	0.000
1991-12-18	Perennial Ryegrass	15.2	-1	0	3253.8	0.0	0.0	282.7	2896.40	74.73	282.65	2971	1794.59	1459.19	2971.13	901.40	0.0	0.066	0.034	0.014	0.006	0.002	0.000
1991-12-19	Perennial Ryegrass	14.8	-1	0	3179.9	0.0	0.0	262.4	2912.01	5.47	262.44	2917	1742.83	1437.09	2917.48	898.99	0.0	0.066	0.034	0.014	0.006	0.002	0.000
1991-12-20	Perennial Ryegrass	14.8	-1	0	3181.4	0.0	11.9	234.0	2930.00	5.50	245.86	2936	1743.95	1437.41	2935.50	873.23	0.0	0.064	0.033	0.014	0.006	0.002	0.000
1991-12-21	Perennial Ryegrass	14.8	-1	0	3182.5	0.0	23.2	206.8	2927.86	24.61	230.00	2952	1743.15	1439.32	2952.47	851.50	0.0	0.062	0.032	0.014	0.005	0.002	0.000
1991-12-22	Perennial Ryegrass	14.8	-1	0	3164.4	0.0	34.2	181.6	2943.00	5.54	215.85	2949	1729.67	1434.71	2948.54	834.41	0.0	0.061	0.031	0.013	0.005	0.002	0.000
1991-12-23	Perennial Ryegrass	14.8	-1	0	3167.7	0.0	47.7	155.2	2959.28	5.57	202.90	2965	1731.48	1436.26	2964.85	817.66	0.0	0.060	0.031	0.013	0.005	0.002	0.000
1991-12-24	Perennial Ryegrass	14.8	-1	0	3173.2	0.0	62.9	131.5	2973.10	5.60	194.47	2979	1734.89	1438.29	2978.71	801.28	0.0	0.059	0.030	0.013	0.005	0.002	0.000
1991-12-25	Perennial Ryegrass	14.8	-1	0	3178.8	0.0	78.3	109.5	2985.46	5.63	187.73	2991	1738.55	1440.28	2991.09	785.10	0.0	0.057	0.029	0.013	0.005	0.002	0.000
1991-12-26	Perennial Ryegrass	14.8	-1	0	3184.3	0.0	93.2	90.4	2995.06	5.66	183.60	3001	1742.26	1442.06	3000.72	769.15	0.0	0.056	0.029	0.012	0.005	0.002	0.000
1991-12-27	Perennial Ryegrass	14.8	-1	0	3192.2	0.0	110.6	71.0	2985.33	25.24	181.64	3011	1747.72	1444.49	3010.57	753.42	0.0	0.055	0.028	0.012	0.005	0.001	0.000
1991-12-28	Perennial Ryegrass	14.8	-1	0	3185.7	0.0	132.3	59.8	2987.92	5.66	192.10	2994	1743.21	1442.47	2993.58	738.49	0.0	0.054	0.028	0.012	0.005	0.001	0.000
1991-12-29	Perennial Ryegrass	14.8	-1	0	3199.5	0.0	154.3	52.5	2987.04	5.67	206.80	2993	1753.03	1446.48	2992.71	724.08	0.0	0.053	0.027	0.012	0.005	0.001	0.000
1991-12-30	Perennial Ryegrass	14.8	-1	0	3210.4	0.0	173.3	46.9	2984.53	5.67	220.21	2990	1760.81	1449.59	2990.19	709.95	0.0	0.052	0.027	0.011	0.005	0.001	0.000
1991-12-31	Perennial Ryegrass	14.8	-1	0	3224.0	0.0	194.9	41.3	2768.96	218.73	236.27	2988	1770.55	1453.41	2987.70	696.31	0.0	0.051	0.026	0.011	0.004	0.001	0.000
1992-01-01	Perennial Ryegrass	14.8	-1	0	3036.8	0.0	228.8	34.8	2767.97	5.20	263.60	2773	1638.57	1398.20	2773.17	683.63	0.0	0.050	0.026	0.011	0.004	0.001	0.000
1992-01-02	Perennial Ryegrass	14.8	-1	0	3071.2	0.0	270.6	29.7	2765.65	5.20	300.34	2771	1663.36	1407.83	2770.85	671.92	0.0	0.049	0.025	0.011	0.004	0.001	0.000
1992-01-03	Perennial Ryegrass	14.8	-1	0	3096.7	0.0	303.5	25.0	2735.92	32.36	328.46	2768	1681.80	1414.95	2768.29	660.27	0.0	0.048	0.025	0.011	0.004	0.001	0.000
1992-01-04	Perennial Ryegrass	14.8	-1	0	3093.9	0.0	334.9	22.1	2653.41	83.46	357.00	2737	1680.50	1413.36	2736.87	651.91	0.0	0.048	0.024	0.010	0.004	0.001	0.000
1992-01-05	Perennial Ryegrass	14.8	-1	0	3042.2	0.0	368.6	19.7	2559.43	94.54	388.24	2654	1645.39	1396.82	2653.97	642.89	0.0	0.047	0.024	0.010	0.004	0.001	0.000
1992-01-06	Perennial Ryegrass	14.8	-1	0	2983.6	0.0	406.2	17.4	2555.22	4.77	423.61	2560	1605.97	1377.63	2559.99	637.89	0.0	0.047	0.024	0.010	0.004	0.001	0.000
1992-01-07	Perennial Ryegrass	14.8	-1	0	3007.9	0.0	437.1	15.3	2550.82	4.76	452.36	2556	1623.64	1384.30	2580.79	631.89	0.0	0.046	0.024	0.010	0.004	0.001	0.000
1992-01-08	Perennial Ryegrass	14.8	-1	0	3030.0	0.0	465.6	13.4	2432.71	118.25	479.02	2551	1639.67	1390.31	2606.41	627.63	0.0	0.046	0.024	0.010	0.004	0.001	0.000
1992-01-09	Perennial Ryegrass	14.8	-1	0	2943.8	0.0	499.2	12.1	2263.36	169.07	511.33	2432	1581.81	1361.95	2516.78	622.84	0.0	0.045	0.023	0.010	0.004	0.001	0.000
1992-01-10	Perennial Ryegrass	14.8	-1	0	2823.5	0.0	549.5	10.9	2208.74	54.35	560.44	2263	1502.28	1321.24	2385.11	616.24	0.0	0.045	0.023	0.010	0.004	0.001	0.000
1992-01-11	Perennial Ryegrass	14.8	-1	0	2801.5	0.0	583.3	9.6	2204.57	4.04	592.90	2209	1489.04	1312.47	2378.34	612.75	0.0	0.045	0.023	0.010	0.004	0.001	0.000
1992-01-12	Perennial Ryegrass	14.8	-1	0	2824.6	0.0	611.8	8.3	2200.50	4.03	620.04	2205	1505.73	1318.84	2406.26	609.77	0.0	0.044	0.023	0.010	0.004	0.001	0.000
1992-01-13	Perennial Ryegrass	14.8	-1	0	2846.8	0.0	639.4	7.1	2196.28	4.02	646.46	2200	1521.78	1324.97	2429.71	607.79	0.0	0.044	0.023	0.010	0.004	0.001	0.000
1992-01-14	Perennial Ryegrass	14.8	-1	0	2868.2	0.0	666.2	5.9	2192.00	4.01	672.16	2196	1537.28	1330.89	2452.27	604.48	0.0	0.044	0.023	0.010	0.004	0.001	0.000
1992-01-15	Perennial Ryegrass	14.8	-1	0	2889.8	0.0	693.2	5.0	2187.54	4.00	698.23	2192	1552.90	1336.88	2474.27	602.06	0.0	0.044	0.023	0.010	0.004	0.001	0.000
1992-01-16	Perennial Ryegrass	14.8	-1	0	2911.3	0.0	720.1	4.3	2182.95	4.00	724.37	2187	1568.44	1342.87	2496.34	600.26	0.0	0.044	0.023	0.010	0.004	0.001	0.000
1992-01-17	Perennial Ryegrass	14.8	-1	0	2931.2	0.0	745.4	3.7	2178.23	3.99	749.02	2182	1582.82	1348.42	2517.63	597.95	0.0	0.043	0.023	0.010	0.004	0.001	0.000
1992-01-18	Perennial Ryegrass	14.8	-1	0	2949.4	0.0	768.8	3.2	2173.44	3.98	771.95	2177	1595.93	1353.44	2537.13	594.85	0.0	0.043	0.022	0.010	0.004	0.001	0.000
1992-01-19	Perennial Ryegrass	14.8	-1	0	2966.3	0.0	791.0	2.6	2168.67	3.97	793.67	2173	1608.18	1358.13	2555.06	590.71	0.0	0.043	0.022	0.010	0.004	0.001	0.000
1992-01-20	Perennial Ryegrass	14.8	-1	0	2983.2	0.0	813.2	2.1	2163.91	3.96	815.31	2168	1620.37	1362.81	2572.27	584.31	0.0	0.042	0.022	0.009	0.004	0.001	0.000
1992-01-21	Perennial Ryegrass	14.8	-1	0	3000.0	0.0	835.2	1.7	2157.55	5.52	836.89	2163	1632.48	1367.48	2589.37	576.15	0.0	0.041	0.022	0.009	0.004	0.001	0.000
1992-01-22	Perennial Ryegrass	14.8	-1	0	3007.4	0.0	849.5	1.3	2025.52	131.11	850.78	2157	1638.09	1369.32	2600.77	577.42	0.0	0.041	0.022	0.010	0.004	0.001	0.000
1992-01-23	Perennial Ryegrass	14.8	-1	0	2922.4	0.0	896.8	1.0	2019.46	5.12	897.85	2025	1584.39	1338.04	2500.30	575.74	0.0	0.041	0.022	0.010	0.004	0.001	0.000
1992-01-24	Perennial Ryegrass	14.8	-1	0	2948.5	0.0	929.2	0.9	1876.72	141.69	930.11	2018	1603.00	1345.52	2534.14	572.34	0.0	0.041	0.022	0.009	0.004	0.001	0.000
1992-01-25	Perennial Ryegrass	14.8	-1	0	2893.2	0.0	1016.6	0.8	1872.40	3.36	1017.40	1876	1571.56	1321.60	2455.62	581.88	0.0	0.041	0.022	0.010	0.004	0.001	0.000
1992-01-26	Perennial Ryegrass	14.8	-1	0	2925.1	0.0	1053.0	0.7	1868.06	3.35	1053.70	1871	1594.00	1331.11	2510.84	584.56	0.0	0.041	0.023	0.010	0.004	0.001	0.000
1992-01-27	Perennial Ryegrass	14.8	-1	0	2952.3	0.0	1084.7	0.6	1863.73	3.34	1085.23	1867	1613.20	1339.11	2540.34	586.32	0.0	0.042	0.023	0.010	0.004	0.001	0.000
1992-01-28	Perennial Ryegrass	14.8	-1	0	2976.4	0.0	1113.1	0.5	1859.41	3.33	1113.63	1863	1630.21	1346.16	2565.90	586.57	0.0	0.042	0.023	0.010	0.004	0.001	0.000
1992-01-29	Perennial Ryegrass	14.8	-1	0	2998.4	0.0	1139.6	0.4	1855.07	3.33	1140.04	1858	1645.82	1352.61	2588.94	587.95	0.0	0.042	0.023	0.010	0.004	0.001	0.000
1992-01-30	Perennial Ryegrass	14.8	-1	0	3020.4	0.0	1165.9	0.4	1850.74	3.32	1166.30	1854	1661.31	1359.04	2611.14	587.85	0.0	0.042	0.023	0.010	0.004	0.001	0.000
1992-01-31	Perennial Ryegrass	14.8	-1	0	3042.6	0.0	1192.6	0.3	1787.44	62.29	1192.87	1850	1677.01	1365.59	2633.49	586.13	0.0	0.041	0.023	0.010	0.004	0.001	0.000
1992-02-01	Perennial Ryegrass	14.8	-1	0	3013.4	0.0	1226.7	0.3	1783.29	3.18	1226.95	1786	1660.61	1352.81	2601.99	587.18	0.0	0.041	0.023	0.010	0.004	0.001	0.000
1992-02-02	Perennial Ryegrass	14.8	-1	0	3042.0	0.0	1259.5	0.2	1779.14	3.17	1259.69	1782	1680.62	1361.39	2631.33	586.58	0.0	0.041	0.023	0.010	0.004	0.001	0.000
1992-02-03	Perennial Ryegrass	14.8	-1	0	3068.9	0.0	1290.6	0.2	1775.00	3.16	1290.73	1778	1699.43	1369.45	2659.03	585.84	0.0	0.041	0.023	0.010	0.004	0.001	0.000
