Date	species	dorm_t	seed_dorm_time	germ_index	shoot_dm	seedl_dm	estab_dm	senc_dm	dead_dm	litter_dm	green_dm	dry_dm	leaf_dm	stem_dm	avail_dm	root_dm	seed_dm	rlv[1]	rlv[2]	rlv[3]	rlv[4]	rlv[5]	rlv[6]
		oC	d	d	kg/ha	kg/ha	kg/ha	kg/ha	kg/ha	kg/ha	kg/ha	kg/ha	kg/ha	kg/ha	kg/ha	kg/ha	kg/ha	mm/mm^3	mm/mm^3	mm/mm^3	mm/mm^3	mm/mm^3	mm/mm^3
1990-08-01	Perennial Ryegrass	7.6	-1	0	3595.7	0.0	1596.7	0.0	1932.19	66.84	1596.69	1999	1297.26	2298.46	3196.55	398.61	0.0	0.033	0.012	0.005	0.002	0.001	0.000
1990-08-02	Perennial Ryegrass	7.6	-1	0	3531.8	0.0	1600.5	0.0	1847.42	83.83	1600.54	1931	1272.04	2259.75	3130.82	400.34	0.0	0.033	0.012	0.006	0.002	0.001	0.000
1990-08-03	Perennial Ryegrass	7.6	-1	0	3459.1	0.0	1612.6	0.0	1841.54	4.99	1612.59	1847	1245.78	2213.33	3056.11	407.29	0.0	0.034	0.013	0.006	0.002	0.001	0.000
1990-08-04	Perennial Ryegrass	7.6	-1	0	3464.8	0.0	1624.1	0.0	1789.62	51.03	1624.14	1841	1250.99	2213.79	3061.92	413.84	0.0	0.034	0.013	0.006	0.002	0.001	0.000
1990-08-05	Perennial Ryegrass	7.6	-1	0	3424.0	0.0	1635.3	0.0	1740.58	48.17	1635.29	1789	1237.88	2186.16	3021.30	420.06	0.0	0.035	0.013	0.006	0.002	0.001	0.000
1990-08-06	Perennial Ryegrass	7.6	-1	0	3389.5	0.0	1649.7	0.0	1735.08	4.67	1649.71	1740	1228.30	2161.16	2985.93	428.24	0.0	0.035	0.013	0.006	0.003	0.001	0.000
1990-08-07	Perennial Ryegrass	7.6	-1	0	3394.6	0.0	1657.9	0.0	1734.18	2.60	1657.87	1737	1233.16	2161.49	2992.67	434.01	0.0	0.036	0.013	0.006	0.003	0.001	0.000
1990-08-08	Perennial Ryegrass	7.6	-1	0	3398.1	0.0	1664.8	0.0	1730.76	2.59	1664.78	1733	1236.37	2161.76	2996.46	437.42	0.0	0.036	0.014	0.006	0.003	0.001	0.000
1990-08-09	Perennial Ryegrass	7.6	-1	0	3412.2	0.0	1682.3	0.0	1708.57	21.36	1682.28	1730	1246.41	2165.79	3008.00	447.25	0.0	0.037	0.014	0.006	0.003	0.001	0.000
1990-08-10	Perennial Ryegrass	7.6	-1	0	3405.0	0.0	1697.3	0.0	1705.20	2.55	1697.26	1708	1247.70	2157.31	3001.45	455.42	0.0	0.038	0.014	0.006	0.003	0.001	0.000
1990-08-11	Perennial Ryegrass	7.6	-1	0	3417.7	0.0	1705.5	0.0	1709.64	2.55	1705.55	1712	1256.85	2160.88	3015.78	464.16	0.0	0.038	0.015	0.006	0.003	0.001	0.000
1990-08-12	Perennial Ryegrass	7.6	-1	0	3429.7	0.0	1720.9	0.0	1684.46	24.35	1720.86	1709	1265.51	2164.16	3026.08	472.28	0.0	0.039	0.015	0.007	0.003	0.001	0.000
1990-08-13	Perennial Ryegrass	7.6	-1	0	3417.2	0.0	1733.5	0.0	1679.15	4.50	1733.51	1684	1264.19	2152.97	3014.22	478.77	0.0	0.039	0.015	0.007	0.003	0.001	0.000
1990-08-14	Perennial Ryegrass	7.6	-1	0	3434.5	0.0	1756.2	0.0	1670.01	8.33	1756.18	1678	1276.86	2157.66	3029.29	491.00	0.0	0.040	0.015	0.007	0.003	0.001	0.000
1990-08-15	Perennial Ryegrass	7.6	-1	0	3434.2	0.0	1765.0	0.0	1652.01	17.20	1765.02	1669	1279.19	2155.04	3032.22	495.14	0.0	0.041	0.016	0.007	0.003	0.001	0.000
1990-08-16	Perennial Ryegrass	7.6	-1	0	3437.6	0.0	1783.9	0.0	1651.23	2.46	1783.95	1654	1286.29	2151.34	3033.34	506.40	0.0	0.042	0.016	0.007	0.003	0.001	0.000
1990-08-17	Perennial Ryegrass	7.6	-1	0	3455.2	0.0	1799.8	0.0	1652.97	2.46	1799.82	1655	1298.57	2156.68	3051.69	517.20	0.0	0.042	0.016	0.007	0.003	0.001	0.000
1990-08-18	Perennial Ryegrass	7.6	-1	0	3470.9	0.0	1816.8	0.0	1651.67	2.46	1816.78	1654	1309.59	2161.32	3067.14	526.76	0.0	0.043	0.017	0.007	0.003	0.001	0.000
1990-08-19	Perennial Ryegrass	7.6	-1	0	3484.3	0.0	1830.7	0.0	1630.98	22.67	1830.68	1654	1319.16	2165.16	3081.26	534.97	0.0	0.044	0.017	0.007	0.003	0.001	0.000
1990-08-20	Perennial Ryegrass	7.6	-1	0	3468.7	0.0	1838.4	0.0	1610.22	20.00	1838.44	1630	1315.49	2153.17	3066.97	538.23	0.0	0.044	0.017	0.008	0.003	0.001	0.000
1990-08-21	Perennial Ryegrass	7.6	-1	0	3470.4	0.0	1860.9	0.0	1602.40	7.05	1860.95	1609	1322.33	2148.07	3065.50	549.51	0.0	0.045	0.017	0.008	0.003	0.001	0.000
1990-08-22	Perennial Ryegrass	7.6	-1	0	3475.2	0.0	1873.5	0.0	1591.07	10.56	1873.52	1602	1327.60	2147.56	3072.45	555.30	0.0	0.045	0.018	0.008	0.003	0.001	0.000
1990-08-23	Perennial Ryegrass	7.6	-1	0	3487.9	0.0	1897.1	0.0	1588.44	2.36	1897.07	1591	1338.95	2148.91	3082.84	567.23	0.0	0.046	0.018	0.008	0.003	0.001	0.000
1990-08-24	Perennial Ryegrass	7.6	-1	0	3511.9	0.0	1924.2	0.0	1585.33	2.35	1924.19	1588	1355.30	2156.57	3106.15	580.67	0.0	0.047	0.019	0.008	0.003	0.001	0.000
1990-08-25	Perennial Ryegrass	7.6	-1	0	3524.9	0.0	1940.4	0.0	1573.28	11.29	1940.37	1585	1364.62	2160.32	3121.58	588.16	0.0	0.048	0.019	0.008	0.003	0.001	0.000
1990-08-26	Perennial Ryegrass	7.6	-1	0	3535.1	0.0	1962.5	0.0	1570.22	2.33	1962.54	1573	1374.54	2160.55	3130.51	598.77	0.0	0.049	0.019	0.008	0.004	0.001	0.000
1990-08-27	Perennial Ryegrass	7.6	-1	0	3547.6	0.0	1978.1	0.0	1567.15	2.32	1978.10	1569	1383.47	2164.10	3144.40	605.81	0.0	0.049	0.019	0.009	0.004	0.001	0.000
1990-08-28	Perennial Ryegrass	7.6	-1	0	3566.5	0.0	2000.1	0.0	1564.08	2.32	2000.10	1566	1396.54	2169.96	3162.05	616.16	0.0	0.050	0.020	0.009	0.004	0.001	0.000
1990-08-29	Perennial Ryegrass	7.6	-1	0	3574.2	0.0	2010.9	0.0	1559.19	4.14	2010.86	1563	1402.39	2171.80	3172.04	620.59	0.0	0.050	0.020	0.009	0.004	0.001	0.000
1990-08-30	Perennial Ryegrass	7.6	-1	0	3602.0	0.0	2043.5	0.0	1551.64	6.80	2043.54	1558	1421.65	2180.33	3195.48	636.32	0.0	0.052	0.021	0.009	0.004	0.001	0.000
1990-08-31	Perennial Ryegrass	7.6	-1	0	3603.0	0.0	2052.1	0.0	1508.77	42.13	2052.09	1551	1424.46	2178.53	3201.32	639.48	0.0	0.052	0.021	0.009	0.004	0.001	0.000
1990-09-01	Perennial Ryegrass	7.6	-1	0	3592.0	0.0	2084.0	0.0	1505.83	2.22	2083.97	1508	1429.51	2162.51	3185.81	654.59	0.0	0.053	0.021	0.009	0.004	0.001	0.000
1990-09-02	Perennial Ryegrass	7.6	-1	0	3637.4	0.0	2132.3	0.0	1489.04	16.07	2132.31	1505	1459.52	2177.91	3228.15	677.93	0.0	0.055	0.022	0.010	0.004	0.001	0.000
1990-09-03	Perennial Ryegrass	7.6	-1	0	3656.0	0.0	2167.7	0.0	1468.86	19.47	2167.67	1488	1476.28	2179.72	3249.37	694.39	0.0	0.056	0.023	0.010	0.004	0.001	0.000
1990-09-04	Perennial Ryegrass	7.6	-1	0	3673.2	0.0	2205.1	0.0	1466.01	2.15	2205.05	1468	1493.18	2180.04	3266.32	711.70	0.0	0.057	0.023	0.010	0.004	0.001	0.000
1990-09-05	Perennial Ryegrass	7.6	-1	0	3711.6	0.0	2246.2	0.0	1463.17	2.15	2246.24	1465	1518.61	2192.94	3304.08	730.72	0.0	0.059	0.024	0.010	0.004	0.001	0.000
1990-09-06	Perennial Ryegrass	7.6	-1	0	3745.5	0.0	2283.0	0.0	1460.33	2.15	2282.99	1462	1541.20	2204.26	3338.91	747.34	0.0	0.060	0.024	0.011	0.004	0.001	0.000
1990-09-07	Perennial Ryegrass	7.6	-1	0	3775.1	0.0	2315.5	0.0	1457.49	2.14	2315.46	1460	1561.04	2214.06	3369.40	761.73	0.0	0.061	0.025	0.011	0.005	0.001	0.000
1990-09-08	Perennial Ryegrass	7.6	-1	0	3807.5	0.0	2350.7	0.0	1454.67	2.14	2350.67	1457	1582.63	2224.84	3401.39	777.34	0.0	0.062	0.026	0.011	0.005	0.001	0.000
1990-09-09	Perennial Ryegrass	7.6	-1	0	3840.4	0.0	2386.5	0.0	1451.84	2.13	2386.47	1454	1604.59	2235.86	3434.35	793.10	0.0	0.064	0.026	0.011	0.005	0.001	0.000
1990-09-10	Perennial Ryegrass	7.6	-1	0	3868.3	0.0	2417.1	0.0	1449.03	2.13	2417.13	1451	1623.26	2245.03	3463.15	806.27	0.0	0.065	0.027	0.012	0.005	0.001	0.000
1990-09-11	Perennial Ryegrass	7.6	-1	0	3888.4	0.0	2440.1	0.0	1446.22	2.12	2440.07	1448	1636.99	2251.43	3484.62	815.63	0.0	0.065	0.027	0.012	0.005	0.001	0.000
1990-09-12	Perennial Ryegrass	7.6	-1	0	3906.2	0.0	2460.7	0.0	1381.57	63.97	2460.69	1446	1649.24	2256.99	3502.85	823.82	0.0	0.066	0.027	0.012	0.005	0.002	0.000
1990-09-13	Perennial Ryegrass	7.6	-1	0	3854.6	0.0	2473.7	0.0	1348.24	32.68	2473.71	1381	1635.17	2219.45	3452.51	828.36	0.0	0.066	0.027	0.012	0.005	0.002	0.000
1990-09-14	Perennial Ryegrass	7.6	-1	0	3855.7	0.0	2508.1	0.0	1345.65	1.96	2508.06	1348	1645.91	2209.76	3450.11	843.08	0.0	0.067	0.028	0.012	0.005	0.002	0.000
1990-09-15	Perennial Ryegrass	7.6	-1	0	3903.9	0.0	2558.9	0.0	1343.06	1.95	2558.88	1345	1677.52	2226.37	3495.79	865.54	0.0	0.069	0.029	0.012	0.005	0.002	0.000
1990-09-16	Perennial Ryegrass	7.6	-1	0	3951.9	0.0	2609.5	0.0	1337.42	5.00	2609.49	1342	1708.99	2242.92	3544.01	887.72	0.0	0.071	0.030	0.013	0.005	0.002	0.000
1990-09-17	Perennial Ryegrass	7.6	-1	0	3989.5	0.0	2652.7	0.0	1334.86	1.94	2652.75	1337	1734.75	2254.79	3582.91	906.24	0.0	0.072	0.030	0.013	0.005	0.002	0.000
1990-09-18	Perennial Ryegrass	7.6	-1	0	4026.6	0.0	2692.4	0.0	1332.30	1.93	2692.37	1334	1759.20	2267.40	3620.63	922.94	0.0	0.073	0.031	0.013	0.006	0.002	0.000
1990-09-19	Perennial Ryegrass	7.6	-1	0	4052.8	0.0	2721.2	0.0	1328.21	3.46	2721.16	1332	1776.74	2276.09	3648.55	934.45	0.0	0.074	0.031	0.013	0.006	0.002	0.000
1990-09-20	Perennial Ryegrass	7.6	-1	0	4094.4	0.0	2766.8	0.0	1302.39	25.19	2766.80	1328	1804.51	2289.87	3687.67	953.75	0.0	0.076	0.032	0.014	0.006	0.002	0.000
1990-09-21	Perennial Ryegrass	7.6	-1	0	4126.5	0.0	2824.7	0.0	1299.90	1.88	2824.69	1302	1832.89	2293.58	3718.10	978.60	0.0	0.078	0.033	0.014	0.006	0.002	0.000
1990-09-22	Perennial Ryegrass	7.6	-1	0	4159.1	0.0	2859.8	0.0	1297.41	1.88	2859.76	1299	1854.43	2304.62	3754.08	992.72	0.0	0.079	0.033	0.014	0.006	0.002	0.000
1990-09-23	Perennial Ryegrass	7.6	-1	0	4187.8	0.0	2891.0	0.0	1294.93	1.87	2890.96	1297	1873.51	2314.26	3783.41	1004.96	0.0	0.080	0.034	0.015	0.006	0.002	0.000
1990-09-24	Perennial Ryegrass	7.6	-1	0	4213.4	0.0	2919.1	0.0	1292.46	1.87	2919.08	1294	1890.62	2322.78	3809.52	1015.70	0.0	0.080	0.034	0.015	0.006	0.002	0.000
1990-09-25	Perennial Ryegrass	7.6	-1	0	4227.7	0.0	2935.8	0.0	1285.64	6.21	2935.82	1292	1900.50	2327.17	3825.38	1021.11	0.0	0.081	0.035	0.015	0.006	0.002	0.000
1990-09-26	Perennial Ryegrass	7.6	-1	0	4236.4	0.0	2951.4	0.0	1283.18	1.86	2951.36	1285	1908.21	2328.19	3834.28	1025.93	0.0	0.081	0.035	0.015	0.006	0.002	0.000
1990-09-27	Perennial Ryegrass	7.6	-1	0	4253.1	0.0	2970.5	0.0	1280.73	1.85	2970.52	1283	1919.63	2333.48	3850.51	1032.43	0.0	0.082	0.035	0.015	0.006	0.002	0.000
1990-09-28	Perennial Ryegrass	7.6	-1	0	4268.4	0.0	2988.3	0.0	1278.29	1.85	2988.28	1280	1930.16	2338.26	3866.02	1038.27	0.0	0.082	0.035	0.015	0.006	0.002	0.000
1990-09-29	Perennial Ryegrass	7.6	-1	0	4278.7	0.0	3001.0	0.0	1275.84	1.84	3000.99	1278	1937.48	2341.20	3876.98	1041.78	0.0	0.082	0.035	0.015	0.006	0.002	0.000
1990-09-30	Perennial Ryegrass	7.6	-1	0	4299.3	0.0	3024.1	0.0	1273.41	1.84	3024.06	1275	1951.39	2347.92	3896.24	1050.07	0.0	0.083	0.036	0.015	0.006	0.002	0.000
1990-10-01	Perennial Ryegrass	7.6	-1	0	4313.9	0.0	3041.1	0.0	1270.98	1.84	3041.06	1273	1961.44	2352.44	3911.63	1055.52	0.0	0.083	0.036	0.016	0.006	0.002	0.000
1990-10-02	Perennial Ryegrass	7.6	-1	0	4326.5	0.0	3056.1	0.0	1268.56	1.83	3056.08	1270	1970.23	2356.24	3924.49	1060.06	0.0	0.082	0.037	0.016	0.006	0.002	0.000
1990-10-03	Perennial Ryegrass	7.6	-1	0	4335.4	0.0	3067.5	0.0	1264.69	3.28	3067.47	1268	1976.72	2358.71	3933.95	1062.92	0.0	0.082	0.037	0.016	0.006	0.002	0.000
1990-10-04	Perennial Ryegrass	7.6	-1	0	4339.7	0.0	3075.6	0.0	1262.28	1.82	3075.56	1264	1980.66	2359.01	3938.61	1064.23	0.0	0.082	0.037	0.016	0.006	0.002	0.000
1990-10-05	Perennial Ryegrass	7.6	-1	0	4327.3	0.0	3065.6	0.0	1228.28	33.41	3065.58	1262	1972.78	2354.49	3928.57	1059.88	0.0	0.082	0.037	0.016	0.006	0.002	0.000
1990-10-06	Perennial Ryegrass	7.6	-1	0	4313.8	0.0	3086.1	0.0	1225.95	1.76	3086.10	1228	1974.95	2338.86	3911.13	1066.94	0.0	0.082	0.037	0.016	0.006	0.002	0.000
1990-10-07	Perennial Ryegrass	7.6	-1	0	4327.5	0.0	3102.2	0.0	1223.62	1.76	3102.17	1225	1984.45	2343.09	3925.46	1071.91	0.0	0.083	0.037	0.016	0.006	0.002	0.000
1990-10-08	Perennial Ryegrass	7.6	-1	0	4331.0	0.0	3108.0	0.0	1177.69	45.36	3107.99	1223	1987.45	2343.59	3930.29	1072.15	0.0	0.083	0.037	0.016	0.006	0.002	0.000
1990-10-09	Perennial Ryegrass	7.6	-1	0	4326.9	0.0	3149.8	0.0	1174.13	3.01	3149.79	1177	1999.58	2327.36	3921.55	1089.07	0.0	0.084	0.038	0.016	0.006	0.002	0.000
1990-10-10	Perennial Ryegrass	7.6	-1	0	4349.5	0.0	3175.9	0.0	1137.50	36.08	3175.90	1174	2015.08	2334.40	3946.17	1098.64	0.0	0.085	0.038	0.016	0.006	0.002	0.000
1990-10-11	Perennial Ryegrass	7.6	-1	0	4350.1	0.0	3213.1	0.0	1121.56	15.42	3213.08	1137	2027.48	2322.58	3945.38	1113.27	0.0	0.086	0.039	0.017	0.007	0.002	0.000
1990-10-12	Perennial Ryegrass	7.6	-1	0	4368.1	0.0	3247.0	0.0	1119.45	1.59	3247.05	1121	2044.26	2323.83	3963.86	1126.36	0.0	0.087	0.040	0.017	0.007	0.002	0.000
1990-10-13	Perennial Ryegrass	7.6	-1	0	4400.2	0.0	3281.2	0.0	1117.34	1.59	3281.22	1119	2065.32	2334.83	3995.94	1139.50	0.0	0.088	0.040	0.017	0.007	0.002	0.000
1990-10-14	Perennial Ryegrass	7.6	-1	0	4428.3	0.0	3311.4	0.0	1115.24	1.59	3311.43	1117	2083.87	2344.39	4024.58	1150.79	0.0	0.089	0.041	0.017	0.007	0.002	0.000
1990-10-15	Perennial Ryegrass	7.6	-1	0	4448.1	0.0	3333.4	0.0	1105.99	8.74	3333.41	1115	2097.20	2350.94	4045.48	1158.22	0.0	0.090	0.041	0.017	0.007	0.002	0.000
1990-10-16	Perennial Ryegrass	7.6	-1	0	4469.5	0.0	3364.1	0.0	1103.91	1.57	3364.07	1105	2113.91	2355.64	4065.87	1169.60	0.0	0.091	0.041	0.018	0.007	0.002	0.000
1990-10-17	Perennial Ryegrass	7.6	-1	0	4485.1	0.0	3381.7	0.0	1101.84	1.56	3381.75	1103	2124.52	2360.63	4083.05	1174.95	0.0	0.091	0.042	0.018	0.007	0.002	0.000
1990-10-18	Perennial Ryegrass	7.6	-1	0	4500.1	0.0	3398.8	0.0	1097.32	4.01	3398.78	1101	2134.72	2365.39	4098.10	1179.96	0.0	0.091	0.042	0.018	0.007	0.002	0.000
1990-10-19	Perennial Ryegrass	7.6	-1	0	4479.8	0.0	3383.0	0.0	1042.68	54.14	3382.99	1097	2122.03	2357.77	4081.66	1174.06	0.0	0.091	0.042	0.018	0.007	0.002	0.000
1990-10-20	Perennial Ryegrass	7.6	-1	0	4487.8	0.0	3445.6	0.0	1034.11	8.11	3445.58	1042	2145.67	2342.13	4080.39	1200.16	0.0	0.093	0.043	0.018	0.007	0.002	0.000
1990-10-21	Perennial Ryegrass	7.6	-1	0	4543.8	0.0	3510.2	0.0	996.97	36.67	3510.20	1034	2184.17	2359.68	4136.34	1227.05	0.0	0.095	0.044	0.018	0.007	0.002	0.000
1990-10-22	Perennial Ryegrass	7.6	-1	0	4575.6	0.0	3579.1	0.0	995.13	1.40	3579.06	997	2217.28	2358.30	4167.73	1255.74	0.0	0.097	0.045	0.019	0.007	0.002	0.000
1990-10-23	Perennial Ryegrass	7.6	-1	0	4639.1	0.0	3644.4	0.0	993.29	1.39	3644.36	995	2258.09	2380.96	4231.75	1282.61	0.0	0.099	0.046	0.019	0.007	0.002	0.000
1990-10-24	Perennial Ryegrass	7.6	-1	0	4680.6	0.0	3687.7	0.0	991.47	1.39	3687.73	993	2285.02	2395.57	4275.83	1299.33	0.0	0.101	0.046	0.020	0.007	0.002	0.000
1990-10-25	Perennial Ryegrass	7.6	-1	0	4707.9	0.0	3716.8	0.0	989.64	1.39	3716.83	991	2302.93	2404.93	4304.70	1309.49	0.0	0.101	0.047	0.020	0.007	0.002	0.000
1990-10-26	Perennial Ryegrass	7.6	-1	0	4732.8	0.0	3743.6	0.0	987.82	1.38	3743.59	989	2319.36	2413.43	4329.91	1318.53	0.0	0.102	0.047	0.020	0.007	0.002	0.000
1990-10-27	Perennial Ryegrass	7.6	-1	0	4754.2	0.0	3766.8	0.0	986.00	1.38	3766.79	987	2333.54	2420.63	4351.69	1325.84	0.0	0.103	0.047	0.020	0.007	0.002	0.000
1990-10-28	Perennial Ryegrass	7.6	-1	0	4769.0	0.0	3783.4	0.0	984.19	1.38	3783.45	986	2343.60	2425.42	4367.25	1330.08	0.0	0.103	0.048	0.020	0.007	0.002	0.000
1990-10-29	Perennial Ryegrass	7.6	-1	0	4778.9	0.0	3795.1	0.0	982.39	1.38	3795.13	984	2350.51	2428.38	4377.66	1331.95	0.0	0.103	0.048	0.020	0.007	0.002	0.000
1990-10-30	Perennial Ryegrass	7.6	-1	0	4782.7	0.0	3800.7	0.0	980.57	1.37	3800.74	982	2353.51	2429.17	4382.09	1330.78	0.0	0.103	0.048	0.020	0.007	0.002	0.000
1990-10-31	Perennial Ryegrass	7.6	-1	0	4787.5	0.0	3807.3	0.0	978.83	1.37	3807.32	980	2357.15	2430.37	4386.83	1329.93	0.0	0.103	0.048	0.020	0.007	0.002	0.000
1990-11-01	Perennial Ryegrass	7.6	-1	0	4795.1	0.0	3816.0	0.0	977.73	1.37	3816.02	979	2362.45	2432.67	4394.21	1330.12	0.0	0.103	0.048	0.020	0.007	0.002	0.000
1990-11-02	Perennial Ryegrass	7.6	-1	0	4807.3	0.0	3828.7	0.0	977.27	1.37	3828.65	979	2370.50	2436.79	4405.96	1332.08	0.0	0.103	0.048	0.020	0.007	0.002	0.000
1990-11-03	Perennial Ryegrass	7.6	-1	0	4798.8	0.0	3820.0	0.0	977.43	1.37	3820.00	979	2365.24	2433.56	4399.70	1326.92	0.0	0.102	0.048	0.020	0.007	0.002	0.000
1990-11-04	Perennial Ryegrass	7.6	-1	0	4807.1	0.0	3827.3	0.0	935.05	44.78	3827.32	980	2370.88	2436.26	4406.38	1327.15	0.0	0.102	0.048	0.020	0.008	0.002	0.000
1990-11-05	Perennial Ryegrass	7.6	-1	0	4796.4	0.0	3858.1	0.0	937.05	1.31	3858.06	938	2379.01	2417.41	4393.21	1336.63	0.0	0.102	0.048	0.020	0.008	0.002	0.000
1990-11-06	Perennial Ryegrass	7.6	-1	0	4817.3	0.0	3875.9	0.0	940.14	1.31	3875.90	941	2391.99	2425.35	4415.50	1341.25	0.0	0.103	0.048	0.021	0.008	0.002	0.000
1990-11-07	Perennial Ryegrass	7.6	-1	0	4835.9	0.0	3890.2	0.0	944.36	1.32	3890.18	946	2403.44	2432.43	4434.39	1344.68	0.0	0.103	0.049	0.021	0.008	0.002	0.000
1990-11-08	Perennial Ryegrass	7.6	-1	0	4845.7	0.0	3893.7	0.0	949.61	2.39	3893.71	952	2409.70	2436.01	4445.35	1344.73	0.0	0.103	0.049	0.021	0.008	0.002	0.000
1990-11-09	Perennial Ryegrass	7.6	-1	0	4855.9	0.0	3898.1	0.0	943.66	14.14	3898.08	958	2416.34	2439.54	4455.43	1345.02	0.0	0.103	0.049	0.021	0.008	0.002	0.000
1990-11-10	Perennial Ryegrass	7.6	-1	0	4873.2	0.0	3923.7	0.0	943.49	5.99	3923.71	949	2429.99	2443.20	4470.57	1351.00	0.0	0.103	0.049	0.021	0.008	0.002	0.000
1990-11-11	Perennial Ryegrass	7.6	-1	0	4893.3	0.0	3945.6	0.0	946.33	1.35	3945.64	948	2442.89	2450.44	4491.09	1355.11	0.0	0.104	0.049	0.021	0.008	0.002	0.000
1990-11-12	Perennial Ryegrass	7.6	-1	0	4907.5	0.0	3954.9	0.0	951.22	1.36	3954.93	953	2451.23	2456.28	4506.57	1355.95	0.0	0.104	0.049	0.021	0.008	0.002	0.000
1990-11-13	Perennial Ryegrass	7.6	-1	0	4917.1	0.0	3956.2	0.0	959.43	1.38	3956.25	961	2456.93	2460.12	4516.92	1355.27	0.0	0.104	0.049	0.021	0.008	0.002	0.000
1990-11-14	Perennial Ryegrass	7.6	-1	0	4892.9	0.0	3919.7	0.0	965.06	8.21	3919.65	973	2440.29	2452.64	4496.62	1346.13	0.0	0.103	0.049	0.021	0.008	0.002	0.000
1990-11-15	Perennial Ryegrass	7.6	-1	0	4883.0	0.0	3901.8	0.0	965.98	15.26	3901.78	981	2436.44	2446.58	4484.85	1341.84	0.0	0.103	0.049	0.021	0.008	0.002	0.000
1990-11-16	Perennial Ryegrass	7.6	-1	0	4877.8	0.0	3896.8	0.0	979.50	1.43	3896.85	981	2436.43	2441.34	4478.28	1340.16	0.0	0.103	0.049	0.021	0.008	0.002	0.000
1990-11-17	Perennial Ryegrass	7.6	-1	0	4877.0	0.0	3883.7	0.0	991.87	1.46	3883.69	993	2436.36	2440.66	4478.37	1336.45	0.0	0.102	0.048	0.021	0.008	0.002	0.000
1990-11-18	Perennial Ryegrass	7.6	-1	0	4881.4	0.0	3880.1	0.0	999.83	1.49	3880.05	1001	2438.87	2442.50	4481.75	1333.79	0.0	0.102	0.048	0.020	0.008	0.002	0.000
1990-11-19	Perennial Ryegrass	7.6	-1	0	4982.2	0.0	3970.7	0.0	1010.00	1.51	3970.70	1012	2490.43	2491.78	4572.87	1323.09	0.0	0.101	0.048	0.020	0.008	0.002	0.000
1990-11-20	Perennial Ryegrass	7.6	-1	0	5066.2	0.0	4039.5	0.0	1025.13	1.53	4039.54	1027	2532.82	2533.38	4659.26	1309.01	0.0	0.100	0.048	0.020	0.007	0.002	0.000
1990-11-21	Perennial Ryegrass	7.6	-1	0	5125.0	0.0	4079.2	0.0	1044.28	1.56	4079.20	1046	2562.10	2562.93	4721.11	1289.90	0.0	0.099	0.047	0.020	0.007	0.002	0.000
1990-11-22	Perennial Ryegrass	7.6	-1	0	5188.7	0.0	4123.7	0.0	1063.42	1.60	4123.69	1065	2593.23	2595.48	4784.35	1271.72	0.0	0.097	0.046	0.020	0.007	0.002	0.000
1990-11-23	Perennial Ryegrass	7.6	-1	0	5236.8	0.0	4152.3	0.0	1082.82	1.64	4152.30	1084	2616.39	2620.38	4833.99	1275.65	0.0	0.097	0.046	0.020	0.007	0.002	0.000
1990-11-24	Perennial Ryegrass	7.6	-1	0	5293.9	0.0	4191.9	0.0	1100.32	1.68	4191.85	1102	2643.59	2650.26	4890.04	1256.10	0.0	0.096	0.046	0.019	0.007	0.002	0.000
1990-11-25	Perennial Ryegrass	7.6	-1	0	5342.1	0.0	4220.4	0.0	1120.02	1.72	4220.36	1122	2666.29	2675.80	4939.37	1235.34	0.0	0.094	0.045	0.019	0.007	0.002	0.000
1990-11-26	Perennial Ryegrass	7.6	-1	0	5368.6	0.0	4217.8	0.0	1149.04	1.76	4217.84	1151	2678.66	2689.97	4968.87	1235.64	0.0	0.094	0.045	0.019	0.007	0.002	0.000
1990-11-27	Perennial Ryegrass	7.6	-1	0	5390.2	0.0	4205.1	0.0	1183.33	1.81	4205.07	1185	2688.63	2701.59	4991.43	1234.99	0.0	0.094	0.045	0.019	0.007	0.002	0.000
1990-11-28	Perennial Ryegrass	7.6	-1	0	5404.7	0.0	4179.4	0.0	1223.40	1.88	4179.44	1225	2695.27	2709.44	5007.16	1233.24	0.0	0.094	0.045	0.019	0.007	0.002	0.000
1990-11-29	Perennial Ryegrass	7.6	-1	0	5406.3	0.0	4133.0	0.0	1271.26	1.95	4133.04	1273	2695.97	2710.28	5010.69	1229.86	0.0	0.094	0.045	0.019	0.007	0.002	0.000
1990-11-30	Perennial Ryegrass	7.6	-1	0	5417.8	0.0	4097.2	0.0	1318.55	2.04	4097.22	1321	2701.18	2716.63	5021.27	1227.39	0.0	0.093	0.045	0.019	0.007	0.002	0.000
1990-12-01	Perennial Ryegrass	7.6	-1	0	5417.2	0.0	4044.7	0.0	1370.35	2.12	4044.73	1372	2700.86	2716.34	5022.32	1223.63	0.0	0.093	0.045	0.019	0.007	0.002	0.000
1990-12-02	Perennial Ryegrass	7.6	-1	0	5420.6	0.0	3992.3	0.0	1404.50	23.79	3992.27	1428	2702.31	2718.24	5025.74	1220.17	0.0	0.093	0.045	0.019	0.007	0.002	0.000
1990-12-03	Perennial Ryegrass	7.6	-1	0	5412.7	0.0	3947.0	0.0	1378.89	86.80	3947.02	1466	2697.83	2714.88	5017.25	1217.54	0.0	0.093	0.045	0.019	0.007	0.002	0.000
1990-12-04	Perennial Ryegrass	7.6	-1	0	5395.6	0.0	3956.1	0.0	1437.34	2.21	3956.06	1440	2686.58	2709.02	4994.69	1196.71	0.0	0.091	0.044	0.019	0.007	0.002	0.000
1990-12-05	Perennial Ryegrass	7.6	-1	0	5442.9	0.0	3940.8	0.0	1499.72	2.31	3940.85	1502	2707.73	2735.15	5044.41	1174.17	0.0	0.089	0.043	0.018	0.007	0.002	0.000
1990-12-06	Perennial Ryegrass	7.6	-1	0	5466.8	0.0	3893.7	0.0	1570.74	2.41	3893.66	1573	2718.33	2748.48	5071.60	1172.31	0.0	0.089	0.043	0.018	0.007	0.002	0.000
1990-12-07	Perennial Ryegrass	7.6	-1	0	5484.8	0.0	3834.2	0.0	1648.04	2.53	3834.22	1651	2726.28	2758.51	5090.90	1169.85	0.0	0.089	0.043	0.018	0.007	0.002	0.000
1990-12-08	Perennial Ryegrass	7.6	-1	0	5501.2	0.0	3769.6	0.0	1728.91	2.66	3769.65	1732	2733.56	2767.65	5107.95	1167.19	0.0	0.089	0.043	0.018	0.007	0.002	0.000
1990-12-09	Perennial Ryegrass	7.6	-1	0	5541.6	0.0	3746.1	0.0	1792.75	2.79	3746.06	1796	2751.66	2789.95	5144.11	1144.34	0.0	0.087	0.042	0.018	0.007	0.002	0.000
1990-12-10	Perennial Ryegrass	7.6	-1	0	5584.7	0.0	3744.0	0.0	1747.75	93.00	3743.97	1841	2770.89	2813.83	5184.94	1122.72	0.0	0.085	0.041	0.017	0.006	0.002	0.000
1990-12-11	Perennial Ryegrass	7.6	-1	0	5562.1	0.0	3774.6	0.0	1784.68	2.81	3774.62	1787	2756.18	2805.93	5158.84	1104.15	0.0	0.084	0.041	0.017	0.006	0.002	0.000
1990-12-12	Perennial Ryegrass	7.6	-1	0	5600.7	0.0	3773.3	0.0	1824.56	2.87	3773.29	1827	2773.19	2827.52	5200.86	1103.78	0.0	0.084	0.040	0.017	0.006	0.002	0.000
1990-12-13	Perennial Ryegrass	7.6	-1	0	5647.3	0.0	3775.5	0.0	1868.80	2.93	3775.54	1872	2793.72	2853.55	5247.04	1083.74	0.0	0.082	0.040	0.017	0.006	0.002	0.000
1990-12-14	Perennial Ryegrass	7.6	-1	0	5671.9	0.0	3752.5	0.0	1916.34	3.01	3752.51	1919	2804.45	2867.42	5274.30	1082.46	0.0	0.082	0.040	0.017	0.006	0.002	0.000
1990-12-15	Perennial Ryegrass	7.6	-1	0	5691.7	0.0	3721.9	0.0	1966.71	3.08	3721.94	1970	2813.10	2878.64	5295.00	1080.81	0.0	0.082	0.040	0.017	0.006	0.002	0.000
1990-12-16	Perennial Ryegrass	7.6	-1	0	5709.0	0.0	3669.1	0.0	2036.72	3.17	3669.07	2040	2820.59	2888.36	5314.64	1078.90	0.0	0.082	0.040	0.017	0.006	0.002	0.000
1990-12-17	Perennial Ryegrass	7.6	-1	0	5718.5	0.0	3609.0	0.0	2106.16	3.28	3609.02	2109	2824.69	2893.77	5325.01	1076.33	0.0	0.082	0.040	0.017	0.006	0.002	0.000
1990-12-18	Perennial Ryegrass	7.6	-1	0	5696.7	0.0	3501.6	0.0	2191.66	3.40	3501.62	2195	2808.95	2887.72	5308.58	1068.50	0.0	0.081	0.039	0.017	0.006	0.002	0.000
1990-12-19	Perennial Ryegrass	7.6	-1	0	5727.8	0.0	3479.9	0.0	2233.46	14.41	3479.90	2248	2822.82	2904.95	5330.25	1047.42	0.0	0.079	0.039	0.016	0.006	0.002	0.000
1990-12-20	Perennial Ryegrass	7.6	-1	0	5716.6	0.0	3406.2	0.0	2306.79	3.60	3406.17	2310	2817.18	2899.39	5325.04	1044.10	0.0	0.079	0.038	0.016	0.006	0.002	0.000
1990-12-21	Perennial Ryegrass	7.6	-1	0	5725.8	0.0	3351.0	0.0	2371.06	3.72	3350.97	2375	2821.20	2904.56	5332.24	1041.49	0.0	0.079	0.038	0.016	0.006	0.002	0.000
1990-12-22	Perennial Ryegrass	7.6	-1	0	5705.3	0.0	3255.7	0.0	2445.82	3.83	3255.70	2450	2806.49	2898.85	5316.72	1033.97	0.0	0.078	0.038	0.016	0.006	0.002	0.000
1990-12-23	Perennial Ryegrass	7.6	-1	0	5694.8	0.0	3183.0	0.0	2507.76	3.95	3183.04	2512	2799.62	2895.13	5303.68	1028.91	0.0	0.078	0.038	0.016	0.006	0.002	0.000
1990-12-24	Perennial Ryegrass	7.6	-1	0	5698.0	0.0	3141.4	0.0	2552.54	4.06	3141.44	2557	2801.02	2897.02	5303.27	1025.91	0.0	0.077	0.038	0.016	0.006	0.002	0.000
1990-12-25	Perennial Ryegrass	7.6	-1	0	5691.9	0.0	3077.1	0.0	2610.65	4.13	3077.12	2615	2797.82	2894.08	5300.09	1022.12	0.0	0.077	0.038	0.016	0.006	0.002	0.000
1990-12-26	Perennial Ryegrass	7.6	-1	0	5681.5	0.0	0.0	3010.6	2666.67	4.23	3010.63	2671	2791.21	2890.33	5290.18	1017.21	0.0	0.077	0.037	0.016	0.006	0.002	0.000
1990-12-27	Perennial Ryegrass	21.8	-1	0	5683.8	0.0	0.0	2513.5	3166.03	4.32	2513.47	3170	2793.62	2890.20	5349.87	1017.35	0.0	0.077	0.038	0.016	0.006	0.002	0.000
1990-12-28	Perennial Ryegrass	22.3	-1	0	5682.3	0.0	0.0	2043.9	3633.07	5.32	2043.94	3638	2793.62	2888.71	5357.06	1015.49	0.0	0.076	0.038	0.016	0.006	0.002	0.000
1990-12-29	Perennial Ryegrass	22.4	-1	0	5680.6	0.0	0.0	1687.9	3986.40	6.26	1687.91	3993	2793.37	2887.20	5350.25	1013.58	0.0	0.076	0.038	0.016	0.006	0.002	0.000
1990-12-30	Perennial Ryegrass	22.7	-1	0	5678.0	0.0	0.0	1385.3	4285.70	6.97	1385.28	4293	2792.49	2885.46	5349.67	1011.41	0.0	0.076	0.037	0.016	0.006	0.002	0.000
1990-12-31	Perennial Ryegrass	23.1	-1	0	5673.7	0.0	0.0	1128.4	4520.07	25.23	1128.45	4545	2790.52	2883.23	5347.91	1008.75	0.0	0.075	0.037	0.016	0.006	0.002	0.000
1991-01-01	Perennial Ryegrass	23.2	-1	0	5652.5	0.0	0.0	934.1	4710.28	8.05	934.14	4718	2778.06	2874.42	5321.35	1006.11	0.0	0.075	0.037	0.016	0.006	0.002	0.000
1991-01-02	Perennial Ryegrass	23.6	-1	0	5647.2	0.0	0.0	765.9	4872.86	8.44	765.90	4881	2775.34	2871.85	5319.24	1003.08	0.0	0.075	0.037	0.016	0.006	0.002	0.000
1991-01-03	Perennial Ryegrass	23.9	-1	0	5640.3	0.0	0.0	627.5	5004.03	8.77	627.52	5013	2771.52	2868.80	5312.59	999.73	0.0	0.075	0.037	0.016	0.006	0.002	0.000
1991-01-04	Perennial Ryegrass	24.3	-1	0	5632.4	0.0	0.0	512.3	5111.06	9.04	512.26	5120	2766.92	2865.44	5305.83	996.16	0.0	0.074	0.037	0.016	0.006	0.002	0.000
1991-01-05	Perennial Ryegrass	24.9	-1	0	5624.1	0.0	0.0	416.0	4834.93	373.22	415.95	5208	2762.12	2861.98	5299.30	992.50	0.0	0.074	0.037	0.016	0.006	0.002	0.000
1991-01-06	Perennial Ryegrass	23.0	-1	0	5252.0	0.0	0.0	380.0	4846.31	25.66	379.99	4872	2521.20	2730.75	4886.54	988.94	0.0	0.074	0.037	0.016	0.006	0.002	0.000
1991-01-07	Perennial Ryegrass	22.0	-1	0	5227.0	0.0	0.0	339.7	4878.58	8.72	339.66	4887	2505.72	2721.23	4887.30	985.42	0.0	0.073	0.037	0.016	0.006	0.002	0.000
1991-01-08	Perennial Ryegrass	21.6	-1	0	5218.4	0.0	0.0	297.8	4911.79	8.79	297.84	4921	2500.75	2717.67	4920.58	981.90	0.0	0.073	0.036	0.016	0.006	0.002	0.000
1991-01-09	Perennial Ryegrass	21.8	-1	0	5209.3	0.0	0.0	256.8	4943.67	8.86	256.80	4953	2495.37	2713.96	4952.53	978.35	0.0	0.073	0.036	0.016	0.006	0.002	0.000
1991-01-10	Perennial Ryegrass	22.2	-1	0	5199.7	0.0	0.0	218.4	4972.34	8.92	218.43	4981	2489.59	2710.10	4981.26	974.73	0.0	0.073	0.036	0.016	0.006	0.002	0.000
1991-01-11	Perennial Ryegrass	22.7	-1	0	5189.6	0.0	0.0	185.8	4944.75	59.04	185.77	5004	2483.44	2706.13	5003.80	971.06	0.0	0.072	0.036	0.016	0.006	0.002	0.000
1991-01-12	Perennial Ryegrass	23.0	-1	0	5129.0	0.0	0.0	158.4	4958.12	12.49	158.42	4971	2444.67	2684.35	4970.60	967.36	0.0	0.072	0.036	0.015	0.006	0.002	0.000
1991-01-13	Perennial Ryegrass	23.4	-1	0	5114.7	0.0	0.0	135.1	4970.70	8.96	135.07	4980	2435.76	2678.97	4979.66	963.61	0.0	0.072	0.036	0.015	0.006	0.002	0.000
1991-01-14	Perennial Ryegrass	23.9	-1	0	5103.7	0.0	0.0	114.4	4980.34	8.99	114.37	4989	2428.91	2674.79	4989.32	959.82	0.0	0.072	0.036	0.015	0.006	0.002	0.000
1991-01-15	Perennial Ryegrass	23.9	-1	0	5092.5	0.0	0.0	98.6	4984.85	9.01	98.60	4994	2421.90	2670.56	4993.86	956.00	0.0	0.071	0.035	0.015	0.006	0.002	0.000
1991-01-16	Perennial Ryegrass	23.0	-1	0	5081.2	0.0	0.0	88.8	4983.35	9.02	88.79	4992	2414.85	2666.31	4992.37	952.29	0.0	0.071	0.035	0.015	0.006	0.002	0.000
1991-01-17	Perennial Ryegrass	22.5	-1	0	5069.7	0.0	0.0	79.1	4981.58	9.02	79.12	4991	2407.68	2662.04	4990.60	948.62	0.0	0.071	0.035	0.015	0.006	0.002	0.000
1991-01-18	Perennial Ryegrass	22.7	-1	0	5058.1	0.0	0.0	68.9	4980.21	9.02	68.90	4989	2400.40	2657.72	4989.22	944.97	0.0	0.070	0.035	0.015	0.006	0.002	0.000
1991-01-19	Perennial Ryegrass	22.8	-1	0	5046.4	0.0	0.0	60.2	4977.21	9.02	60.20	4986	2393.04	2653.39	4986.23	941.32	0.0	0.070	0.035	0.015	0.006	0.002	0.000
1991-01-20	Perennial Ryegrass	23.0	-1	0	5034.6	0.0	0.0	52.5	4973.11	9.01	52.52	4982	2385.61	2649.03	4982.12	937.66	0.0	0.070	0.035	0.015	0.006	0.002	0.000
1991-01-21	Perennial Ryegrass	22.4	-1	0	5022.9	0.0	0.0	47.1	4697.16	278.60	47.11	4976	2378.18	2644.68	4975.76	934.07	0.0	0.070	0.035	0.015	0.006	0.002	0.000
1991-01-22	Perennial Ryegrass	22.2	-1	0	4741.6	0.0	0.0	42.0	4459.36	240.28	41.97	4700	2195.96	2545.65	4699.64	930.51	0.0	0.069	0.034	0.015	0.006	0.002	0.000
1991-01-23	Perennial Ryegrass	21.4	-1	0	4498.8	0.0	0.0	38.2	4184.76	275.82	38.24	4461	2040.99	2457.83	4460.59	927.06	0.0	0.069	0.034	0.015	0.006	0.002	0.000
1991-01-24	Perennial Ryegrass	21.7	-1	0	4220.6	0.0	0.0	33.6	4179.60	7.41	33.57	4187	1865.78	2354.80	4187.01	923.55	0.0	0.069	0.034	0.015	0.006	0.002	0.000
1991-01-25	Perennial Ryegrass	22.3	-1	0	4210.7	0.0	0.0	29.2	4174.15	7.40	29.19	4182	1859.85	2350.90	4181.55	919.92	0.0	0.069	0.034	0.015	0.006	0.002	0.000
1991-01-26	Perennial Ryegrass	22.2	-1	0	4200.9	0.0	0.0	25.9	4167.60	7.39	25.94	4175	1853.93	2346.99	4174.99	916.34	0.0	0.068	0.034	0.015	0.005	0.002	0.000
1991-01-27	Perennial Ryegrass	21.7	-1	0	4191.1	0.0	0.0	23.4	4160.34	7.38	23.40	4168	1848.02	2343.10	4167.72	912.81	0.0	0.068	0.034	0.015	0.005	0.002	0.000
1991-01-28	Perennial Ryegrass	21.2	-1	0	4181.3	0.0	0.0	21.2	4152.72	7.36	21.25	4160	1842.13	2339.21	4160.09	909.33	0.0	0.068	0.034	0.015	0.005	0.002	0.000
1991-01-29	Perennial Ryegrass	20.6	-1	0	4171.6	0.0	0.0	19.4	4144.85	7.35	19.37	4152	1836.24	2335.32	4152.20	905.91	0.0	0.067	0.034	0.014	0.005	0.002	0.000
1991-01-30	Perennial Ryegrass	20.1	-1	0	4161.8	0.0	0.0	17.7	4136.80	7.33	17.69	4144	1830.37	2331.45	4144.13	902.49	0.0	0.067	0.033	0.014	0.005	0.002	0.000
1991-01-31	Perennial Ryegrass	20.5	-1	0	4152.1	0.0	0.0	15.8	4128.98	7.32	15.78	4136	1824.51	2327.58	4136.30	898.97	0.0	0.067	0.033	0.014	0.005	0.002	0.000
1991-02-01	Perennial Ryegrass	20.6	-1	0	4142.4	0.0	0.0	14.1	4120.93	7.30	14.14	4128	1818.66	2323.71	4128.24	895.44	0.0	0.067	0.033	0.014	0.005	0.002	0.000
1991-02-02	Perennial Ryegrass	20.5	-1	0	4132.7	0.0	0.0	12.8	4112.64	7.29	12.76	4120	1812.83	2319.85	4119.93	891.92	0.0	0.066	0.033	0.014	0.005	0.002	0.000
1991-02-03	Perennial Ryegrass	20.9	-1	0	4123.0	0.0	0.0	11.3	4104.42	7.27	11.33	4112	1807.02	2316.00	4111.69	888.29	0.0	0.066	0.033	0.014	0.005	0.002	0.000
1991-02-04	Perennial Ryegrass	21.7	-1	0	4113.4	0.0	0.0	9.9	4096.19	7.26	9.92	4103	1801.22	2312.15	4103.45	884.52	0.0	0.066	0.033	0.014	0.005	0.002	0.000
1991-02-05	Perennial Ryegrass	22.9	-1	0	4103.7	0.0	0.0	8.5	3998.41	96.80	8.53	4095	1795.43	2308.31	4095.21	880.57	0.0	0.066	0.033	0.014	0.005	0.002	0.000
1991-02-06	Perennial Ryegrass	22.9	-1	0	4004.6	0.0	0.0	7.6	3810.87	186.19	7.57	3997	1734.40	2270.23	3997.06	876.77	0.0	0.065	0.032	0.014	0.005	0.002	0.000
1991-02-07	Perennial Ryegrass	23.0	-1	0	3816.2	0.0	0.0	6.7	3802.88	6.67	6.70	3810	1619.05	2197.20	3809.55	872.93	0.0	0.065	0.032	0.014	0.005	0.002	0.000
1991-02-08	Perennial Ryegrass	23.3	-1	0	3807.4	0.0	0.0	5.9	3794.85	6.66	5.88	3802	1613.84	2193.55	3801.51	869.03	0.0	0.065	0.032	0.014	0.005	0.001	0.000
1991-02-09	Perennial Ryegrass	23.6	-1	0	3798.6	0.0	0.0	5.2	3786.76	6.64	5.16	3793	1608.65	2189.91	3793.40	865.10	0.0	0.064	0.032	0.014	0.005	0.001	0.000
1991-02-10	Perennial Ryegrass	23.2	-1	0	3789.7	0.0	0.0	4.6	3778.50	6.62	4.63	3785	1603.47	2186.27	3785.12	861.32	0.0	0.064	0.032	0.014	0.005	0.001	0.000
1991-02-11	Perennial Ryegrass	23.2	-1	0	3781.0	0.0	0.0	4.1	3770.25	6.61	4.10	3777	1598.31	2182.64	3776.86	857.50	0.0	0.064	0.032	0.014	0.005	0.001	0.000
1991-02-12	Perennial Ryegrass	23.4	-1	0	3772.2	0.0	0.0	3.6	3761.99	6.59	3.61	3769	1593.17	2179.02	3768.59	853.63	0.0	0.064	0.032	0.014	0.005	0.001	0.000
1991-02-13	Perennial Ryegrass	23.5	-1	0	3763.4	0.0	0.0	3.2	3753.68	6.58	3.19	3760	1588.04	2175.40	3760.26	849.77	0.0	0.063	0.031	0.014	0.005	0.001	0.000
1991-02-14	Perennial Ryegrass	23.7	-1	0	3754.7	0.0	0.0	2.8	3745.36	6.56	2.81	3752	1582.93	2171.79	3751.92	845.86	0.0	0.063	0.031	0.014	0.005	0.001	0.000
1991-02-15	Perennial Ryegrass	23.4	-1	0	3746.0	0.0	0.0	2.5	3652.44	91.07	2.50	3744	1577.83	2168.19	3743.52	842.04	0.0	0.063	0.031	0.013	0.005	0.001	0.000
1991-02-16	Perennial Ryegrass	22.8	-1	0	3652.9	0.0	0.0	2.3	3644.24	6.36	2.26	3651	1521.88	2130.98	3650.60	838.35	0.0	0.062	0.031	0.013	0.005	0.001	0.000
1991-02-17	Perennial Ryegrass	21.6	-1	0	3644.4	0.0	0.0	2.1	3635.99	6.34	2.09	3642	1516.98	2127.45	3642.34	834.83	0.0	0.062	0.031	0.013	0.005	0.001	0.000
1991-02-18	Perennial Ryegrass	21.2	-1	0	3636.0	0.0	0.0	1.9	3627.79	6.33	1.90	3634	1512.10	2123.92	3634.11	831.29	0.0	0.062	0.031	0.013	0.005	0.001	0.000
1991-02-19	Perennial Ryegrass	21.3	-1	0	3627.6	0.0	0.0	1.7	3619.60	6.31	1.71	3626	1507.23	2120.39	3625.92	827.71	0.0	0.062	0.031	0.013	0.005	0.001	0.000
1991-02-20	Perennial Ryegrass	20.8	-1	0	3619.3	0.0	0.0	1.6	3611.40	6.30	1.56	3618	1502.37	2116.88	3617.70	824.25	0.0	0.061	0.031	0.013	0.005	0.001	0.000
1991-02-21	Perennial Ryegrass	21.0	-1	0	3610.9	0.0	0.0	1.4	3603.23	6.28	1.40	3610	1497.54	2113.36	3609.51	820.75	0.0	0.061	0.030	0.013	0.005	0.001	0.000
1991-02-22	Perennial Ryegrass	21.3	-1	0	3602.6	0.0	0.0	1.2	3553.79	47.54	1.24	3601	1492.71	2109.86	3601.33	817.21	0.0	0.061	0.030	0.013	0.005	0.001	0.000
1991-02-23	Perennial Ryegrass	21.4	-1	0	3553.0	0.0	0.0	1.1	3545.74	6.17	1.11	3552	1463.34	2089.68	3551.90	813.73	0.0	0.061	0.030	0.013	0.005	0.001	0.000
1991-02-24	Perennial Ryegrass	21.6	-1	0	3544.8	0.0	0.0	1.0	3537.69	6.15	0.99	3544	1458.63	2086.21	3543.84	810.24	0.0	0.060	0.030	0.013	0.005	0.001	0.000
1991-02-25	Perennial Ryegrass	22.0	-1	0	3536.7	0.0	0.0	0.9	3529.67	6.14	0.88	3536	1453.93	2082.75	3535.80	806.71	0.0	0.060	0.030	0.013	0.005	0.001	0.000
1991-02-26	Perennial Ryegrass	22.6	-1	0	3528.5	0.0	0.0	0.8	3521.65	6.12	0.77	3528	1449.25	2079.30	3527.77	803.09	0.0	0.060	0.030	0.013	0.005	0.001	0.000
1991-02-27	Perennial Ryegrass	21.9	-1	0	3520.4	0.0	0.0	0.7	3513.62	6.10	0.70	3520	1444.58	2075.85	3519.73	799.69	0.0	0.060	0.030	0.013	0.005	0.001	0.000
1991-02-28	Perennial Ryegrass	21.4	-1	0	3512.3	0.0	0.0	0.6	3505.61	6.09	0.64	3512	1439.93	2072.41	3511.70	796.36	0.0	0.059	0.030	0.013	0.005	0.001	0.000
1991-03-01	Perennial Ryegrass	20.2	-1	0	3504.3	0.0	0.0	0.6	3497.60	6.07	0.60	3504	1435.29	2068.98	3503.67	793.18	0.0	0.059	0.029	0.013	0.005	0.001	0.000
1991-03-02	Perennial Ryegrass	18.9	-1	0	3496.2	0.0	0.0	0.6	3489.59	6.06	0.56	3496	1430.67	2065.55	3495.65	790.13	0.0	0.059	0.029	0.013	0.005	0.001	0.000
1991-03-03	Perennial Ryegrass	18.5	-1	0	3488.2	0.0	0.0	0.5	3481.62	6.04	0.52	3488	1426.06	2062.13	3487.66	787.05	0.0	0.059	0.029	0.013	0.005	0.001	0.000
1991-03-04	Perennial Ryegrass	18.6	-1	0	3480.2	0.0	0.0	0.5	3473.67	6.03	0.48	3480	1421.47	2058.71	3479.70	783.94	0.0	0.058	0.029	0.013	0.005	0.001	0.000
1991-03-05	Perennial Ryegrass	19.1	-1	0	3472.2	0.0	0.0	0.4	3465.75	6.01	0.43	3472	1416.89	2055.30	3471.76	780.77	0.0	0.058	0.029	0.012	0.005	0.001	0.000
1991-03-06	Perennial Ryegrass	20.2	-1	0	3464.2	0.0	0.0	0.4	3457.85	6.00	0.38	3464	1412.33	2051.89	3463.85	777.46	0.0	0.058	0.029	0.012	0.005	0.001	0.000
1991-03-07	Perennial Ryegrass	21.2	-1	0	3456.3	0.0	0.0	0.3	3449.96	5.98	0.33	3456	1407.78	2048.49	3455.95	774.10	0.0	0.058	0.029	0.012	0.005	0.001	0.000
1991-03-08	Perennial Ryegrass	21.9	-1	0	3448.3	0.0	0.0	0.3	3442.09	5.97	0.29	3448	1403.25	2045.10	3448.06	770.71	0.0	0.057	0.029	0.012	0.005	0.001	0.000
1991-03-09	Perennial Ryegrass	21.9	-1	0	3440.4	0.0	0.0	0.3	3429.52	10.66	0.26	3440	1398.73	2041.71	3440.18	767.39	0.0	0.057	0.028	0.012	0.005	0.001	0.000
1991-03-10	Perennial Ryegrass	21.1	-1	0	3427.9	0.0	0.0	0.2	3421.69	5.93	0.24	3428	1391.46	2036.39	3427.61	764.24	0.0	0.057	0.028	0.012	0.005	0.001	0.000
1991-03-11	Perennial Ryegrass	20.6	-1	0	3420.0	0.0	0.0	0.2	3413.87	5.91	0.22	3420	1386.98	2033.02	3419.78	761.12	0.0	0.057	0.028	0.012	0.005	0.001	0.000
1991-03-12	Perennial Ryegrass	19.7	-1	0	3412.2	0.0	0.0	0.2	3406.07	5.89	0.20	3412	1382.51	2029.65	3411.97	758.11	0.0	0.056	0.028	0.012	0.005	0.001	0.000
1991-03-13	Perennial Ryegrass	18.9	-1	0	3404.4	0.0	0.0	0.2	3398.29	5.88	0.19	3404	1378.06	2026.29	3404.17	755.17	0.0	0.056	0.028	0.012	0.005	0.001	0.000
1991-03-14	Perennial Ryegrass	18.8	-1	0	3396.6	0.0	0.0	0.2	3370.34	26.06	0.17	3396	1373.63	2022.94	3396.39	752.20	0.0	0.056	0.028	0.012	0.005	0.001	0.000
1991-03-15	Perennial Ryegrass	18.8	-1	0	3368.6	0.0	0.0	0.2	3353.54	14.92	0.16	3368	1357.39	2011.23	3368.46	749.25	0.0	0.056	0.028	0.012	0.004	0.001	0.000
1991-03-16	Perennial Ryegrass	18.7	-1	0	3351.8	0.0	0.0	0.1	3345.89	5.78	0.14	3352	1347.70	2004.12	3351.67	746.33	0.0	0.056	0.028	0.012	0.004	0.001	0.000
1991-03-17	Perennial Ryegrass	18.8	-1	0	3344.2	0.0	0.0	0.1	3338.27	5.76	0.13	3344	1343.36	2000.80	3344.03	743.39	0.0	0.055	0.028	0.012	0.004	0.001	0.000
1991-03-18	Perennial Ryegrass	19.1	-1	0	3336.5	0.0	0.0	0.1	3330.66	5.75	0.12	3336	1339.03	1997.49	3336.41	740.43	0.0	0.055	0.027	0.012	0.004	0.001	0.000
1991-03-19	Perennial Ryegrass	19.6	-1	0	3328.9	0.0	0.0	0.1	3323.07	5.73	0.11	3329	1334.73	1994.19	3328.80	737.44	0.0	0.055	0.027	0.012	0.004	0.001	0.000
1991-03-20	Perennial Ryegrass	19.5	-1	0	3321.3	0.0	0.0	0.1	3315.50	5.72	0.10	3321	1330.43	1990.89	3321.22	734.53	0.0	0.055	0.027	0.012	0.004	0.001	0.000
1991-03-21	Perennial Ryegrass	19.2	-1	0	3313.7	0.0	0.0	0.1	3307.95	5.70	0.09	3314	1326.15	1987.59	3313.65	731.68	0.0	0.055	0.027	0.012	0.004	0.001	0.000
1991-03-22	Perennial Ryegrass	17.4	-1	0	3306.2	0.0	0.0	0.1	3300.41	5.69	0.09	3306	1321.88	1984.30	3306.10	729.07	0.0	0.054	0.027	0.012	0.004	0.001	0.000
1991-03-23	Perennial Ryegrass	16.9	-1	0	3298.7	0.0	0.0	0.1	3292.90	5.67	0.08	3299	1317.63	1981.02	3298.57	726.42	0.0	0.054	0.027	0.012	0.004	0.001	0.000
1991-03-24	Perennial Ryegrass	16.2	-1	0	3291.1	0.0	0.0	0.1	3285.40	5.66	0.08	3291	1313.39	1977.75	3291.06	723.86	0.0	0.054	0.027	0.012	0.004	0.001	0.000
1991-03-25	Perennial Ryegrass	16.2	-1	0	3283.6	0.0	0.0	0.1	3277.92	5.65	0.07	3284	1309.16	1974.48	3283.57	721.28	0.0	0.054	0.027	0.012	0.004	0.001	0.000
1991-03-26	Perennial Ryegrass	16.2	-1	0	3276.2	0.0	0.0	0.1	3270.47	5.63	0.07	3276	1304.95	1971.21	3276.10	718.70	0.0	0.054	0.027	0.011	0.004	0.001	0.000
1991-03-27	Perennial Ryegrass	16.3	-1	0	3268.7	0.0	0.0	0.1	3263.03	5.62	0.06	3269	1300.75	1967.95	3268.64	716.13	0.0	0.053	0.027	0.011	0.004	0.001	0.000
1991-03-28	Perennial Ryegrass	16.2	-1	0	3261.3	0.0	0.0	0.1	3255.61	5.60	0.06	3261	1296.57	1964.70	3261.21	713.60	0.0	0.053	0.026	0.011	0.004	0.001	0.000
1991-03-29	Perennial Ryegrass	16.5	-1	0	3253.9	0.0	0.0	0.1	3107.75	146.05	0.05	3254	1292.40	1961.45	3253.80	711.04	0.0	0.053	0.026	0.011	0.004	0.001	0.000
1991-03-30	Perennial Ryegrass	16.3	-1	0	3106.1	0.0	0.0	0.0	3019.91	86.11	0.05	3106	1207.03	1899.04	3106.02	708.57	0.0	0.053	0.026	0.011	0.004	0.001	0.000
1991-03-31	Perennial Ryegrass	16.2	-1	0	3018.3	0.0	0.0	0.0	3013.11	5.13	0.05	3018	1157.13	1861.15	3018.24	706.42	0.0	0.053	0.026	0.011	0.004	0.001	0.000
1991-04-01	Perennial Ryegrass	16.2	-1	0	3020.9	0.0	9.4	0.0	2970.92	40.53	9.41	3011	1160.44	1860.42	3011.45	685.84	0.0	0.051	0.025	0.011	0.004	0.001	0.000
1991-04-02	Perennial Ryegrass	16.2	-1	0	2987.8	0.0	18.5	0.0	2964.25	5.03	18.53	2969	1142.25	1845.57	2969.28	672.20	0.0	0.050	0.025	0.011	0.004	0.001	0.000
1991-04-03	Perennial Ryegrass	16.2	-1	0	2991.4	0.0	28.8	0.0	2957.59	5.02	28.82	2963	1145.80	1845.63	2962.61	658.90	0.0	0.049	0.024	0.011	0.004	0.001	0.000
1991-04-04	Perennial Ryegrass	16.2	-1	0	2996.7	0.0	40.7	0.0	2950.95	5.01	40.70	2956	1150.52	1846.14	2955.96	645.85	0.0	0.048	0.024	0.010	0.004	0.001	0.000
1991-04-05	Perennial Ryegrass	16.2	-1	0	3001.7	0.0	52.4	0.0	2944.33	5.00	52.40	2949	1155.17	1846.55	2949.32	633.02	0.0	0.047	0.023	0.010	0.004	0.001	0.000
1991-04-06	Perennial Ryegrass	16.2	-1	0	3009.8	0.0	67.1	0.0	2937.72	4.98	67.13	2943	1162.11	1847.73	2942.70	620.52	0.0	0.046	0.023	0.010	0.004	0.001	0.000
1991-04-07	Perennial Ryegrass	16.2	-1	0	3019.4	0.0	83.3	0.0	2931.13	4.97	83.32	2936	1170.07	1849.35	2936.10	608.45	0.0	0.045	0.023	0.010	0.004	0.001	0.000
1991-04-08	Perennial Ryegrass	16.2	-1	0	3030.8	0.0	101.3	0.0	2924.56	4.96	101.31	2930	1179.36	1851.46	2929.52	596.75	0.0	0.044	0.022	0.010	0.004	0.001	0.000
1991-04-09	Perennial Ryegrass	16.2	-1	0	3042.6	0.0	119.6	0.0	2918.00	4.95	119.64	2923	1188.95	1853.64	2922.95	585.37	0.0	0.044	0.022	0.009	0.004	0.001	0.000
1991-04-10	Perennial Ryegrass	16.2	-1	0	3056.3	0.0	139.9	0.0	2911.46	4.93	139.92	2916	1200.00	1856.32	2916.40	574.37	0.0	0.043	0.021	0.009	0.003	0.001	0.000
1991-04-11	Perennial Ryegrass	16.2	-1	0	3068.6	0.0	158.8	0.0	2897.22	12.64	158.77	2910	1210.05	1858.58	2909.86	563.58	0.0	0.042	0.021	0.009	0.003	0.001	0.000
1991-04-12	Perennial Ryegrass	16.2	-1	0	3074.0	0.0	178.4	0.0	2890.74	4.89	178.40	2896	1216.38	1857.65	2895.63	553.11	0.0	0.041	0.021	0.009	0.003	0.001	0.000
1991-04-13	Perennial Ryegrass	16.2	-1	0	3089.0	0.0	199.8	0.0	2884.27	4.88	199.84	2889	1228.36	1860.62	2889.15	543.01	0.0	0.040	0.020	0.009	0.003	0.001	0.000
1991-04-14	Perennial Ryegrass	16.2	-1	0	3095.3	0.0	212.6	0.0	2823.06	59.62	212.63	2883	1234.10	1861.22	2882.68	532.61	0.0	0.040	0.020	0.009	0.003	0.001	0.000
1991-04-15	Perennial Ryegrass	16.2	-1	0	3051.0	0.0	229.5	0.0	2816.76	4.75	229.48	2822	1212.35	1838.64	2821.52	522.81	0.0	0.039	0.019	0.008	0.003	0.001	0.000
1991-04-16	Perennial Ryegrass	16.2	-1	0	3077.9	0.0	262.7	0.0	2810.48	4.74	262.71	2815	1233.05	1844.88	2815.22	514.66	0.0	0.038	0.019	0.008	0.003	0.001	0.000
1991-04-17	Perennial Ryegrass	16.2	-1	0	3113.2	0.0	302.8	0.0	2805.65	4.73	302.85	2810	1259.53	1853.71	2810.38	507.72	0.0	0.038	0.019	0.008	0.003	0.001	0.000
1991-04-18	Perennial Ryegrass	16.2	-1	0	3136.1	0.0	331.9	0.0	2799.40	4.72	331.96	2804	1276.98	1859.09	2804.12	500.11	0.0	0.037	0.019	0.008	0.003	0.001	0.000
1991-04-19	Perennial Ryegrass	16.2	-1	0	3186.2	0.0	388.3	0.0	2793.16	4.71	388.32	2798	1314.03	1872.15	2797.87	495.90	0.0	0.037	0.018	0.008	0.003	0.001	0.000
1991-04-20	Perennial Ryegrass	16.2	-1	0	3206.9	0.0	415.2	0.0	2786.93	4.70	415.24	2792	1329.74	1877.13	2791.63	488.93	0.0	0.036	0.018	0.008	0.003	0.001	0.000
1991-04-21	Perennial Ryegrass	16.2	-1	0	3245.7	0.0	460.3	0.0	2780.73	4.68	460.27	2785	1358.61	1887.07	2802.30	484.86	0.0	0.036	0.018	0.008	0.003	0.001	0.000
1991-04-22	Perennial Ryegrass	16.2	-1	0	3275.2	0.0	495.2	0.0	2775.34	4.67	495.23	2780	1380.58	1894.66	2844.86	480.15	0.0	0.036	0.018	0.008	0.003	0.001	0.000
1991-04-23	Perennial Ryegrass	16.2	-1	0	3309.4	0.0	529.1	0.0	2775.65	4.66	529.11	2780	1405.98	1903.45	2882.05	477.82	0.0	0.036	0.018	0.008	0.003	0.001	0.000
1991-04-24	Perennial Ryegrass	16.2	-1	0	3340.5	0.0	566.4	0.0	2769.47	4.66	566.36	2774	1429.10	1911.39	2912.33	474.25	0.0	0.035	0.018	0.008	0.003	0.001	0.000
1991-04-25	Perennial Ryegrass	16.2	-1	0	3369.7	0.0	601.7	0.0	2675.33	92.62	601.71	2768	1450.79	1918.88	2944.70	474.32	0.0	0.035	0.018	0.008	0.003	0.001	0.000
1991-04-26	Perennial Ryegrass	16.2	-1	0	3298.5	0.0	624.6	0.0	2609.23	64.64	624.58	2674	1415.33	1883.12	2883.25	468.64	0.0	0.035	0.017	0.007	0.003	0.001	0.000
1991-04-27	Perennial Ryegrass	16.2	-1	0	3280.4	0.0	672.6	0.0	2601.73	6.08	672.57	2608	1413.38	1867.00	2849.65	469.64	0.0	0.035	0.017	0.007	0.003	0.001	0.000
1991-04-28	Perennial Ryegrass	16.2	-1	0	3312.3	0.0	712.0	0.0	2595.99	4.33	712.00	2600	1437.05	1875.27	2888.87	468.99	0.0	0.035	0.017	0.007	0.003	0.001	0.000
1991-04-29	Perennial Ryegrass	16.2	-1	0	3342.0	0.0	747.4	0.0	2590.26	4.32	747.39	2595	1458.85	1883.13	2922.09	467.75	0.0	0.035	0.017	0.007	0.003	0.001	0.000
1991-04-30	Perennial Ryegrass	16.2	-1	0	3371.7	0.0	782.9	0.0	2584.54	4.31	782.87	2589	1480.67	1891.06	2952.74	468.22	0.0	0.035	0.017	0.007	0.003	0.001	0.000
1991-05-01	Perennial Ryegrass	16.2	-1	0	3398.5	0.0	815.4	0.0	2578.84	4.30	815.38	2583	1500.34	1898.18	2981.91	468.05	0.0	0.035	0.017	0.007	0.003	0.001	0.000
1991-05-02	Perennial Ryegrass	16.2	-1	0	3422.6	0.0	845.2	0.0	2573.15	4.29	845.17	2577	1518.08	1904.53	3008.00	468.85	0.0	0.035	0.017	0.007	0.003	0.001	0.000
1991-05-03	Perennial Ryegrass	16.2	-1	0	3444.5	0.0	870.9	0.0	2569.32	4.28	870.87	2574	1534.27	1910.21	3032.31	470.62	0.0	0.035	0.017	0.007	0.003	0.001	0.000
1991-05-04	Perennial Ryegrass	16.2	-1	0	3464.6	0.0	894.5	0.0	2565.87	4.27	894.51	2570	1549.27	1915.38	3053.79	470.74	0.0	0.035	0.017	0.007	0.003	0.001	0.000
1991-05-05	Perennial Ryegrass	16.2	-1	0	3483.7	0.0	918.8	0.0	2560.67	4.27	918.79	2565	1563.50	1920.23	3072.87	469.67	0.0	0.035	0.017	0.007	0.003	0.001	0.000
1991-05-06	Perennial Ryegrass	16.2	-1	0	3501.9	0.0	942.4	0.0	2555.17	4.26	942.43	2559	1577.04	1924.82	3091.57	467.42	0.0	0.035	0.017	0.007	0.003	0.001	0.000
1991-05-07	Perennial Ryegrass	16.2	-1	0	3519.6	0.0	965.8	0.0	2549.55	4.25	965.82	2554	1590.29	1929.32	3109.69	464.58	0.0	0.035	0.017	0.007	0.003	0.001	0.000
1991-05-08	Perennial Ryegrass	16.2	-1	0	3536.3	0.0	988.2	0.0	2511.84	36.33	988.16	2548	1602.81	1933.52	3127.07	462.70	0.0	0.034	0.017	0.007	0.003	0.001	0.000
1991-05-09	Perennial Ryegrass	16.2	-1	0	3520.8	0.0	1010.3	0.0	2490.46	20.02	1010.34	2510	1598.07	1922.75	3111.84	460.72	0.0	0.034	0.017	0.007	0.003	0.001	0.000
1991-05-10	Perennial Ryegrass	16.2	-1	0	3521.3	0.0	1032.1	0.0	2484.99	4.12	1032.14	2489	1601.82	1919.44	3112.63	461.65	0.0	0.034	0.017	0.007	0.003	0.001	0.000
1991-05-11	Perennial Ryegrass	16.2	-1	0	3536.0	0.0	1052.1	0.0	2479.75	4.11	1052.10	2484	1612.90	1923.07	3128.23	461.54	0.0	0.034	0.017	0.007	0.003	0.001	0.000
1991-05-12	Perennial Ryegrass	16.2	-1	0	3549.6	0.0	1071.1	0.0	2474.34	4.10	1071.11	2478	1623.19	1926.36	3142.33	461.23	0.0	0.034	0.017	0.007	0.003	0.001	0.000
1991-05-13	Perennial Ryegrass	16.2	-1	0	3562.3	0.0	1089.3	0.0	2468.92	4.09	1089.31	2473	1632.91	1929.41	3155.53	460.05	0.0	0.034	0.017	0.007	0.003	0.001	0.000
1991-05-14	Perennial Ryegrass	16.2	-1	0	3574.3	0.0	1106.7	0.0	2463.50	4.08	1106.67	2468	1642.05	1932.21	3167.89	458.49	0.0	0.034	0.017	0.007	0.003	0.001	0.000
1991-05-15	Perennial Ryegrass	16.2	-1	0	3585.7	0.0	1123.5	0.0	2458.10	4.07	1123.52	2462	1650.83	1934.87	3179.61	456.96	0.0	0.034	0.017	0.007	0.003	0.001	0.000
1991-05-16	Perennial Ryegrass	16.2	-1	0	3593.8	0.0	1137.0	0.0	2452.72	4.06	1136.97	2457	1657.28	1936.47	3188.96	457.43	0.0	0.034	0.017	0.007	0.003	0.001	0.000
1991-05-17	Perennial Ryegrass	16.2	-1	0	3599.0	0.0	1147.6	0.0	2447.34	4.05	1147.56	2451	1661.78	1937.17	3195.23	459.10	0.0	0.034	0.017	0.007	0.003	0.001	0.000
1991-05-18	Perennial Ryegrass	16.2	-1	0	3602.4	0.0	1156.4	0.0	2441.98	4.04	1156.36	2446	1665.07	1937.32	3199.32	461.53	0.0	0.034	0.017	0.007	0.003	0.001	0.000
1991-05-19	Perennial Ryegrass	16.2	-1	0	3605.7	0.0	1165.0	0.0	2436.64	4.03	1165.03	2441	1668.26	1937.44	3202.70	463.95	0.0	0.034	0.017	0.007	0.003	0.001	0.000
1991-05-20	Perennial Ryegrass	16.2	-1	0	3609.1	0.0	1173.8	0.0	2366.04	69.29	1173.75	2435	1671.51	1937.58	3206.09	466.40	0.0	0.034	0.018	0.007	0.003	0.001	0.000
1991-05-21	Perennial Ryegrass	16.2	-1	0	3549.3	0.0	1184.5	0.0	2245.19	119.59	1184.53	2365	1641.87	1907.43	3145.63	469.68	0.0	0.035	0.018	0.007	0.003	0.001	0.000
1991-05-22	Perennial Ryegrass	16.2	-1	0	3449.3	0.0	1205.3	0.0	2152.16	91.83	1205.32	2244	1593.36	1855.95	3042.29	476.99	0.0	0.035	0.018	0.008	0.003	0.001	0.000
1991-05-23	Perennial Ryegrass	16.2	-1	0	3377.4	0.0	1226.4	0.0	2147.52	3.49	1226.40	2151	1560.47	1816.95	2970.42	484.43	0.0	0.036	0.018	0.008	0.003	0.001	0.000
1991-05-24	Perennial Ryegrass	16.2	-1	0	3390.3	0.0	1243.9	0.0	2142.90	3.48	1243.87	2146	1570.10	1820.15	2984.56	490.40	0.0	0.036	0.018	0.008	0.003	0.001	0.000
1991-05-25	Perennial Ryegrass	16.2	-1	0	3400.7	0.0	1258.9	0.0	2138.29	3.47	1258.89	2142	1578.09	1822.57	2995.83	495.37	0.0	0.037	0.019	0.008	0.003	0.001	0.000
1991-05-26	Perennial Ryegrass	16.2	-1	0	3410.2	0.0	1273.1	0.0	2133.69	3.47	1273.07	2137	1585.49	1824.74	3005.72	499.99	0.0	0.037	0.019	0.008	0.003	0.001	0.000
1991-05-27	Perennial Ryegrass	16.2	-1	0	3419.8	0.0	1287.3	0.0	2129.10	3.46	1287.26	2133	1592.91	1826.92	3015.36	504.63	0.0	0.037	0.019	0.008	0.003	0.001	0.000
1991-05-28	Perennial Ryegrass	16.2	-1	0	3427.9	0.0	1299.9	0.0	2124.53	3.45	1299.88	2128	1599.25	1828.60	3023.93	508.62	0.0	0.038	0.019	0.008	0.003	0.001	0.000
1991-05-29	Perennial Ryegrass	16.2	-1	0	3436.5	0.0	1313.1	0.0	2118.59	4.81	1313.07	2123	1605.99	1830.48	3032.41	512.85	0.0	0.038	0.019	0.008	0.003	0.001	0.000
1991-05-30	Perennial Ryegrass	16.2	-1	0	3442.4	0.0	1325.0	0.0	2114.04	3.43	1324.96	2117	1611.17	1831.26	3038.81	516.55	0.0	0.038	0.019	0.008	0.003	0.001	0.000
1991-05-31	Perennial Ryegrass	16.2	-1	0	3448.9	0.0	1336.0	0.0	2109.50	3.42	1336.01	2113	1616.46	1832.47	3045.60	519.92	0.0	0.039	0.020	0.008	0.003	0.001	0.000
1991-06-01	Perennial Ryegrass	16.2	-1	0	3455.4	0.0	1347.0	0.0	2104.98	3.41	1346.96	2108	1621.70	1833.66	3052.08	523.26	0.0	0.039	0.020	0.008	0.003	0.001	0.000
1991-06-02	Perennial Ryegrass	16.2	-1	0	3460.9	0.0	1357.0	0.0	2100.47	3.41	1357.00	2104	1626.32	1834.56	3057.89	526.21	0.0	0.039	0.020	0.008	0.003	0.001	0.000
1991-06-03	Perennial Ryegrass	16.2	-1	0	3466.9	0.0	1367.5	0.0	2093.27	6.09	1367.53	2099	1631.27	1835.62	3063.78	529.37	0.0	0.039	0.020	0.008	0.003	0.001	0.000
1991-06-04	Perennial Ryegrass	16.2	-1	0	3469.7	0.0	1377.5	0.0	2088.78	3.38	1377.54	2092	1634.54	1835.17	3066.77	532.31	0.0	0.040	0.020	0.008	0.003	0.001	0.000
1991-06-05	Perennial Ryegrass	16.2	-1	0	3474.5	0.0	1386.8	0.0	2084.30	3.38	1386.79	2088	1638.63	1835.83	3071.78	534.95	0.0	0.040	0.020	0.008	0.003	0.001	0.000
1991-06-06	Perennial Ryegrass	16.2	-1	0	3479.4	0.0	1396.2	0.0	2040.06	43.14	1396.23	2083	1642.87	1836.57	3076.71	537.68	0.0	0.040	0.020	0.008	0.003	0.001	0.000
1991-06-07	Perennial Ryegrass	16.2	-1	0	3444.9	0.0	1405.9	0.0	1917.05	121.94	1405.87	2039	1627.57	1817.29	3042.10	540.48	0.0	0.040	0.020	0.009	0.003	0.001	0.000
1991-06-08	Perennial Ryegrass	16.2	-1	0	3333.3	0.0	1417.3	0.0	1861.20	54.84	1417.26	1916	1575.04	1758.27	2930.07	544.00	0.0	0.040	0.020	0.009	0.003	0.001	0.000
1991-06-09	Perennial Ryegrass	16.2	-1	0	3294.0	0.0	1433.7	0.0	1783.80	76.44	1433.72	1860	1559.55	1734.40	2889.31	549.63	0.0	0.041	0.021	0.009	0.003	0.001	0.000
1991-06-10	Perennial Ryegrass	16.2	-1	0	3226.4	0.0	1443.5	0.0	1713.62	69.25	1443.51	1783	1529.75	1696.64	2823.65	552.49	0.0	0.041	0.021	0.009	0.003	0.001	0.000
1991-06-11	Perennial Ryegrass	16.2	-1	0	3168.0	0.0	1455.3	0.0	1631.41	81.31	1455.27	1713	1505.28	1662.72	2764.74	556.16	0.0	0.041	0.021	0.009	0.003	0.001	0.000
1991-06-12	Perennial Ryegrass	16.2	-1	0	3100.0	0.0	1469.4	0.0	1539.47	91.10	1469.40	1631	1477.54	1622.44	2696.09	560.84	0.0	0.042	0.021	0.009	0.003	0.001	0.000
1991-06-13	Perennial Ryegrass	16.2	-1	0	3027.2	0.0	1488.5	0.0	1536.30	2.38	1488.50	1539	1449.64	1577.54	2621.99	567.60	0.0	0.042	0.021	0.009	0.003	0.001	0.000
1991-06-14	Perennial Ryegrass	16.2	-1	0	3040.8	0.0	1505.3	0.0	1533.14	2.38	1505.30	1536	1459.59	1581.23	2636.30	573.38	0.0	0.043	0.022	0.009	0.003	0.001	0.000
1991-06-15	Perennial Ryegrass	16.2	-1	0	3052.0	0.0	1519.6	0.0	1529.98	2.37	1519.60	1532	1467.86	1584.10	2648.15	578.13	0.0	0.043	0.022	0.009	0.003	0.001	0.000
1991-06-16	Perennial Ryegrass	16.2	-1	0	3062.4	0.0	1533.2	0.0	1526.84	2.37	1533.17	1529	1475.63	1586.74	2658.80	582.55	0.0	0.043	0.022	0.009	0.004	0.001	0.000
1991-06-17	Perennial Ryegrass	16.2	-1	0	3070.4	0.0	1544.3	0.0	1523.70	2.36	1544.31	1526	1481.79	1588.58	2667.46	585.95	0.0	0.044	0.022	0.009	0.004	0.001	0.000
1991-06-18	Perennial Ryegrass	16.2	-1	0	3076.2	0.0	1553.3	0.0	1520.56	2.35	1553.32	1523	1486.51	1589.73	2673.91	588.47	0.0	0.044	0.022	0.009	0.004	0.001	0.000
1991-06-19	Perennial Ryegrass	16.2	-1	0	3080.6	0.0	1560.8	0.0	1517.44	2.35	1560.80	1520	1490.22	1590.37	2678.66	590.36	0.0	0.044	0.022	0.009	0.004	0.001	0.000
1991-06-20	Perennial Ryegrass	16.2	-1	0	3084.9	0.0	1568.3	0.0	1514.32	2.34	1568.27	1517	1493.92	1591.01	2683.02	592.25	0.0	0.044	0.022	0.009	0.004	0.001	0.000
1991-06-21	Perennial Ryegrass	16.2	-1	0	3089.2	0.0	1575.6	0.0	1511.21	2.34	1575.63	1514	1497.55	1591.63	2687.30	594.10	0.0	0.044	0.022	0.009	0.004	0.001	0.000
1991-06-22	Perennial Ryegrass	16.2	-1	0	3092.5	0.0	1582.1	0.0	1508.10	2.33	1582.09	1510	1500.58	1591.95	2690.89	595.57	0.0	0.044	0.022	0.009	0.004	0.001	0.000
1991-06-23	Perennial Ryegrass	16.2	-1	0	3096.3	0.0	1588.9	0.0	1488.14	19.20	1588.95	1507	1503.88	1592.40	2694.55	597.22	0.0	0.044	0.022	0.009	0.004	0.001	0.000
1991-06-24	Perennial Ryegrass	16.2	-1	0	3082.6	0.0	1595.2	0.0	1485.09	2.29	1595.18	1487	1499.56	1583.00	2680.99	598.60	0.0	0.045	0.022	0.009	0.004	0.001	0.000
1991-06-25	Perennial Ryegrass	16.2	-1	0	3087.1	0.0	1602.8	0.0	1482.04	2.29	1602.79	1484	1503.39	1583.73	2685.21	600.56	0.0	0.045	0.023	0.009	0.004	0.001	0.000
1991-06-26	Perennial Ryegrass	16.2	-1	0	3091.9	0.0	1610.6	0.0	1479.01	2.28	1610.58	1481	1507.35	1584.52	2689.93	602.58	0.0	0.045	0.023	0.009	0.004	0.001	0.000
1991-06-27	Perennial Ryegrass	16.2	-1	0	3095.1	0.0	1616.8	0.0	1475.98	2.28	1616.85	1478	1510.29	1584.81	2693.55	603.97	0.0	0.045	0.023	0.009	0.004	0.001	0.000
1991-06-28	Perennial Ryegrass	16.2	-1	0	3098.5	0.0	1623.3	0.0	1444.86	30.36	1623.30	1475	1513.36	1585.17	2696.94	605.44	0.0	0.045	0.023	0.009	0.004	0.001	0.000
1991-06-29	Perennial Ryegrass	16.2	-1	0	3074.2	0.0	1630.0	0.0	1418.93	25.20	1630.05	1444	1504.74	1569.44	2672.52	607.05	0.0	0.045	0.023	0.010	0.004	0.001	0.000
1991-06-30	Perennial Ryegrass	16.2	-1	0	3055.2	0.0	1637.0	0.0	1414.32	3.89	1637.02	1418	1498.58	1556.66	2653.53	608.75	0.0	0.045	0.023	0.010	0.004	0.001	0.000
1991-07-01	Perennial Ryegrass	16.2	-1	0	3056.3	0.0	1642.7	0.0	1411.45	2.16	1642.66	1414	1500.47	1555.80	2654.89	609.88	0.0	0.045	0.023	0.010	0.004	0.001	0.000
1991-07-02	Perennial Ryegrass	16.2	-1	0	3058.8	0.0	1648.1	0.0	1408.57	2.16	1648.07	1411	1502.93	1555.88	2657.49	610.94	0.0	0.046	0.023	0.010	0.004	0.001	0.000
1991-07-03	Perennial Ryegrass	16.2	-1	0	3061.8	0.0	1653.9	0.0	1404.00	3.86	1653.91	1408	1505.67	1556.10	2660.36	612.17	0.0	0.046	0.023	0.010	0.004	0.001	0.000
1991-07-04	Perennial Ryegrass	16.2	-1	0	3062.7	0.0	1659.4	0.0	1366.34	36.95	1659.36	1403	1507.46	1555.20	2661.34	613.25	0.0	0.046	0.023	0.010	0.004	0.001	0.000
1991-07-05	Perennial Ryegrass	16.2	-1	0	3031.1	0.0	1665.4	0.0	1353.43	12.22	1665.41	1366	1495.98	1535.08	2629.61	614.60	0.0	0.046	0.023	0.010	0.004	0.001	0.000
1991-07-06	Perennial Ryegrass	16.2	-1	0	3023.7	0.0	1670.9	0.0	1349.06	3.69	1670.91	1353	1494.43	1529.23	2622.34	615.72	0.0	0.046	0.023	0.010	0.004	0.001	0.000
1991-07-07	Perennial Ryegrass	16.2	-1	0	3024.1	0.0	1675.7	0.0	1346.33	2.05	1675.69	1348	1495.88	1528.19	2622.93	616.54	0.0	0.046	0.023	0.010	0.004	0.001	0.000
1991-07-08	Perennial Ryegrass	16.2	-1	0	3025.5	0.0	1679.9	0.0	1285.93	59.72	1679.89	1346	1497.61	1527.93	2624.54	617.12	0.0	0.046	0.023	0.010	0.004	0.001	0.000
1991-07-09	Perennial Ryegrass	16.2	-1	0	2971.1	0.0	1685.8	0.0	1225.42	59.87	1685.81	1285	1477.17	1493.92	2569.69	618.46	0.0	0.046	0.023	0.010	0.004	0.001	0.000
1991-07-10	Perennial Ryegrass	16.2	-1	0	2915.3	0.0	1690.5	0.0	1150.44	74.36	1690.47	1225	1456.44	1458.83	2514.17	619.26	0.0	0.046	0.023	0.010	0.004	0.001	0.000
1991-07-11	Perennial Ryegrass	16.2	-1	0	2845.3	0.0	1695.4	0.0	1089.37	60.50	1695.45	1150	1430.97	1414.34	2444.14	620.21	0.0	0.046	0.023	0.010	0.004	0.001	0.000
1991-07-12	Perennial Ryegrass	16.2	-1	0	2792.4	0.0	1703.6	0.0	1054.21	34.62	1703.57	1089	1413.76	1378.65	2390.49	622.53	0.0	0.046	0.023	0.010	0.004	0.001	0.000
1991-07-13	Perennial Ryegrass	16.2	-1	0	2764.1	0.0	1710.4	0.0	1048.54	5.16	1710.36	1054	1405.66	1358.39	2362.46	624.28	0.0	0.047	0.023	0.010	0.004	0.001	0.000
1991-07-14	Perennial Ryegrass	16.2	-1	0	2764.2	0.0	1716.1	0.0	1032.85	15.17	1716.15	1048	1407.53	1356.64	2362.81	625.60	0.0	0.047	0.023	0.010	0.004	0.001	0.000
1991-07-15	Perennial Ryegrass	16.2	-1	0	2753.4	0.0	1721.1	0.0	1030.83	1.51	1721.06	1032	1405.30	1348.10	2352.26	626.53	0.0	0.047	0.023	0.010	0.004	0.001	0.000
1991-07-16	Perennial Ryegrass	16.2	-1	0	2755.4	0.0	1725.0	0.0	1027.62	2.71	1725.05	1030	1407.28	1348.09	2354.45	627.06	0.0	0.047	0.023	0.010	0.004	0.001	0.000
1991-07-17	Perennial Ryegrass	16.2	-1	0	2755.3	0.0	1728.2	0.0	1025.61	1.51	1728.23	1027	1408.30	1347.04	2354.61	627.26	0.0	0.047	0.023	0.010	0.004	0.001	0.000
1991-07-18	Perennial Ryegrass	16.2	-1	0	2756.0	0.0	1730.9	0.0	1023.60	1.50	1730.94	1025	1409.43	1346.62	2355.42	627.25	0.0	0.047	0.023	0.010	0.004	0.001	0.000
1991-07-19	Perennial Ryegrass	16.2	-1	0	2757.0	0.0	1733.9	0.0	1021.60	1.50	1733.91	1023	1410.73	1346.28	2356.33	627.35	0.0	0.047	0.023	0.010	0.004	0.001	0.000
1991-07-20	Perennial Ryegrass	16.2	-1	0	2758.3	0.0	1737.2	0.0	1019.61	1.50	1737.19	1021	1412.24	1346.05	2357.53	627.58	0.0	0.047	0.023	0.010	0.004	0.001	0.000
1991-07-21	Perennial Ryegrass	16.2	-1	0	2759.0	0.0	1739.8	0.0	1017.61	1.49	1739.85	1019	1413.34	1345.61	2358.34	627.54	0.0	0.047	0.023	0.010	0.004	0.001	0.000
1991-07-22	Perennial Ryegrass	16.2	-1	0	2759.5	0.0	1742.4	0.0	1011.05	6.07	1742.41	1017	1414.38	1345.14	2358.94	627.47	0.0	0.047	0.023	0.010	0.004	0.001	0.000
1991-07-23	Perennial Ryegrass	16.2	-1	0	2755.3	0.0	1744.7	0.0	1009.07	1.48	1744.70	1011	1413.66	1341.59	2354.73	627.29	0.0	0.047	0.023	0.010	0.004	0.001	0.000
1991-07-24	Perennial Ryegrass	16.2	-1	0	2755.5	0.0	1747.0	0.0	1007.11	1.48	1746.97	1009	1414.51	1341.04	2355.03	627.12	0.0	0.047	0.023	0.010	0.004	0.001	0.000
1991-07-25	Perennial Ryegrass	16.2	-1	0	2755.8	0.0	1749.2	0.0	1005.14	1.47	1749.15	1007	1415.31	1340.45	2355.26	626.91	0.0	0.047	0.023	0.010	0.004	0.001	0.000
1991-07-26	Perennial Ryegrass	16.2	-1	0	2755.6	0.0	1750.9	0.0	1003.18	1.47	1750.91	1005	1415.83	1339.73	2355.16	626.52	0.0	0.047	0.023	0.010	0.004	0.001	0.000
1991-07-27	Perennial Ryegrass	16.2	-1	0	2755.3	0.0	1752.6	0.0	997.81	4.88	1752.64	1003	1416.33	1339.00	2354.94	626.14	0.0	0.047	0.023	0.010	0.004	0.001	0.000
1991-07-28	Perennial Ryegrass	16.2	-1	0	2752.0	0.0	1754.6	0.0	995.87	1.46	1754.64	997	1415.84	1336.12	2351.51	625.87	0.0	0.047	0.023	0.010	0.004	0.001	0.000
1991-07-29	Perennial Ryegrass	16.2	-1	0	2752.6	0.0	1757.2	0.0	993.93	1.45	1757.20	995	1416.90	1335.68	2352.00	625.85	0.0	0.047	0.023	0.010	0.004	0.001	0.000
1991-07-30	Perennial Ryegrass	16.2	-1	0	2753.1	0.0	1759.7	0.0	991.99	1.45	1759.68	993	1417.91	1335.21	2352.56	625.79	0.0	0.047	0.023	0.010	0.004	0.001	0.000
1991-07-31	Perennial Ryegrass	16.2	-1	0	2753.1	0.0	1761.6	0.0	986.15	5.36	1761.56	992	1418.52	1334.54	2352.64	625.47	0.0	0.047	0.023	0.010	0.004	0.001	0.000
1991-08-01	Perennial Ryegrass	16.2	-1	0	2749.8	0.0	1764.2	0.0	984.23	1.44	1764.16	986	1418.28	1331.55	2349.24	625.46	0.0	0.047	0.023	0.010	0.004	0.001	0.000
1991-08-02	Perennial Ryegrass	16.2	-1	0	2750.1	0.0	1766.4	0.0	982.32	1.43	1766.38	984	1419.13	1331.00	2349.63	625.29	0.0	0.047	0.023	0.010	0.004	0.001	0.000
1991-08-03	Perennial Ryegrass	16.2	-1	0	2750.7	0.0	1768.9	0.0	980.41	1.43	1768.86	982	1420.15	1330.55	2350.14	625.23	0.0	0.047	0.023	0.010	0.004	0.001	0.000
1991-08-04	Perennial Ryegrass	16.2	-1	0	2752.2	0.0	1772.2	0.0	957.80	22.13	1772.24	980	1421.77	1330.40	2351.40	625.55	0.0	0.047	0.023	0.010	0.004	0.001	0.000
1991-08-05	Perennial Ryegrass	16.2	-1	0	2733.4	0.0	1776.1	0.0	907.75	49.59	1776.08	957	1416.68	1316.73	2332.55	626.08	0.0	0.047	0.023	0.010	0.004	0.001	0.000
1991-08-06	Perennial Ryegrass	16.2	-1	0	2688.9	0.0	1781.6	0.0	906.00	1.31	1781.59	907	1403.63	1285.27	2287.65	627.36	0.0	0.047	0.023	0.010	0.004	0.001	0.000
1991-08-07	Perennial Ryegrass	16.2	-1	0	2691.9	0.0	1786.3	0.0	874.55	31.01	1786.29	906	1406.20	1285.65	2290.79	628.28	0.0	0.047	0.023	0.010	0.004	0.001	0.000
1991-08-08	Perennial Ryegrass	16.2	-1	0	2664.5	0.0	1790.4	0.0	871.39	2.74	1790.35	874	1398.76	1265.72	2263.57	628.92	0.0	0.047	0.023	0.010	0.004	0.001	0.000
1991-08-09	Perennial Ryegrass	16.2	-1	0	2664.5	0.0	1793.5	0.0	869.72	1.25	1793.54	871	1399.90	1264.61	2263.80	629.17	0.0	0.047	0.023	0.010	0.004	0.001	0.000
1991-08-10	Perennial Ryegrass	16.2	-1	0	2665.5	0.0	1796.2	0.0	868.05	1.25	1796.19	869	1401.15	1264.34	2264.90	629.18	0.0	0.047	0.023	0.010	0.004	0.001	0.000
1991-08-11	Perennial Ryegrass	16.2	-1	0	2666.3	0.0	1798.7	0.0	866.39	1.25	1798.68	868	1402.29	1264.02	2265.76	629.12	0.0	0.047	0.023	0.010	0.004	0.001	0.000
1991-08-12	Perennial Ryegrass	16.2	-1	0	2667.5	0.0	1801.6	0.0	864.73	1.24	1801.58	866	1403.71	1263.83	2266.90	629.24	0.0	0.047	0.023	0.010	0.004	0.001	0.000
1991-08-13	Perennial Ryegrass	16.2	-1	0	2669.1	0.0	1804.8	0.0	863.07	1.24	1804.79	864	1405.34	1263.76	2268.39	629.50	0.0	0.047	0.023	0.010	0.004	0.001	0.000
1991-08-14	Perennial Ryegrass	16.2	-1	0	2670.5	0.0	1807.8	0.0	857.16	5.50	1807.80	863	1406.84	1263.62	2269.79	629.68	0.0	0.047	0.023	0.010	0.004	0.001	0.000
1991-08-15	Perennial Ryegrass	16.2	-1	0	2667.6	0.0	1810.8	0.0	850.84	5.90	1810.83	857	1407.01	1260.57	2266.91	629.86	0.0	0.047	0.023	0.010	0.004	0.001	0.000
1991-08-16	Perennial Ryegrass	16.2	-1	0	2663.6	0.0	1813.1	0.0	849.22	1.22	1813.12	850	1406.58	1256.98	2263.05	629.71	0.0	0.047	0.023	0.010	0.004	0.001	0.000
1991-08-17	Perennial Ryegrass	16.2	-1	0	2664.0	0.0	1815.2	0.0	847.60	1.22	1815.18	849	1407.46	1256.53	2263.54	629.47	0.0	0.047	0.023	0.010	0.004	0.001	0.000
1991-08-18	Perennial Ryegrass	16.2	-1	0	2664.8	0.0	1817.6	0.0	845.98	1.21	1817.65	847	1408.61	1256.23	2264.29	629.42	0.0	0.047	0.023	0.010	0.004	0.001	0.000
1991-08-19	Perennial Ryegrass	16.2	-1	0	2665.6	0.0	1820.0	0.0	844.36	1.21	1819.98	846	1409.67	1255.88	2265.04	629.30	0.0	0.047	0.023	0.010	0.004	0.001	0.000
1991-08-20	Perennial Ryegrass	16.2	-1	0	2666.8	0.0	1822.8	0.0	822.88	21.08	1822.81	844	1411.07	1255.70	2266.14	629.40	0.0	0.047	0.023	0.010	0.004	0.001	0.000
1991-08-21	Perennial Ryegrass	16.2	-1	0	2647.9	0.0	1825.4	0.0	818.14	4.35	1825.41	822	1406.16	1241.73	2247.32	629.41	0.0	0.047	0.023	0.010	0.004	0.001	0.000
1991-08-22	Perennial Ryegrass	16.2	-1	0	2646.1	0.0	1828.3	0.0	807.37	10.37	1828.34	818	1406.68	1239.41	2245.45	629.57	0.0	0.047	0.023	0.010	0.004	0.001	0.000
1991-08-23	Perennial Ryegrass	16.2	-1	0	2638.9	0.0	1831.9	0.0	790.69	16.29	1831.95	807	1405.82	1233.11	2238.15	630.03	0.0	0.047	0.023	0.010	0.004	0.001	0.000
1991-08-24	Perennial Ryegrass	16.2	-1	0	2625.0	0.0	1834.7	0.0	789.19	1.12	1834.71	790	1402.66	1222.37	2224.42	630.12	0.0	0.047	0.023	0.010	0.004	0.001	0.000
1991-08-25	Perennial Ryegrass	16.2	-1	0	2626.2	0.0	1837.4	0.0	787.70	1.12	1837.43	789	1404.03	1222.22	2225.66	630.18	0.0	0.047	0.023	0.010	0.004	0.001	0.000
1991-08-26	Perennial Ryegrass	16.2	-1	0	2627.2	0.0	1839.9	0.0	786.21	1.12	1839.90	787	1405.24	1221.99	2226.69	630.13	0.0	0.047	0.023	0.010	0.004	0.001	0.000
1991-08-27	Perennial Ryegrass	16.2	-1	0	2628.3	0.0	1842.5	0.0	751.56	34.27	1842.47	786	1406.52	1221.79	2227.75	630.12	0.0	0.047	0.023	0.010	0.004	0.001	0.000
1991-08-28	Perennial Ryegrass	16.2	-1	0	2597.3	0.0	1846.1	0.0	750.15	1.06	1846.08	751	1398.68	1198.61	2196.50	630.60	0.0	0.047	0.023	0.010	0.004	0.001	0.000
1991-08-29	Perennial Ryegrass	16.2	-1	0	2598.9	0.0	1849.1	0.0	738.40	11.39	1849.12	750	1400.30	1198.61	2198.25	630.82	0.0	0.047	0.023	0.010	0.004	0.001	0.000
1991-08-30	Perennial Ryegrass	16.2	-1	0	2590.0	0.0	1851.9	0.0	717.80	20.25	1851.93	738	1398.81	1191.17	2189.37	630.94	0.0	0.047	0.023	0.010	0.004	0.001	0.000
1991-08-31	Perennial Ryegrass	16.2	-1	0	2572.4	0.0	1854.9	0.0	716.45	1.01	1854.92	717	1394.96	1177.42	2171.73	631.14	0.0	0.047	0.023	0.010	0.004	0.001	0.000
1991-09-01	Perennial Ryegrass	16.2	-1	0	2598.7	0.0	1882.6	0.0	715.11	1.01	1882.62	716	1412.91	1185.82	2192.76	642.97	0.0	0.048	0.024	0.010	0.004	0.001	0.000
1991-09-02	Perennial Ryegrass	16.2	-1	0	2615.4	0.0	1900.6	0.0	713.77	1.00	1900.62	715	1424.45	1190.95	2211.57	650.19	0.0	0.049	0.024	0.010	0.004	0.001	0.000
1991-09-03	Perennial Ryegrass	16.2	-1	0	2645.9	0.0	1932.5	0.0	712.43	1.00	1932.50	713	1445.14	1200.80	2239.23	663.85	0.0	0.050	0.025	0.010	0.004	0.001	0.000
1991-09-04	Perennial Ryegrass	16.2	-1	0	2670.7	0.0	1958.6	0.0	711.10	1.00	1958.58	712	1461.99	1208.69	2265.28	674.70	0.0	0.051	0.025	0.010	0.004	0.001	0.000
1991-09-05	Perennial Ryegrass	16.2	-1	0	2693.1	0.0	1982.4	0.0	709.77	1.00	1982.35	711	1477.31	1215.81	2288.26	684.40	0.0	0.051	0.025	0.011	0.004	0.001	0.000
1991-09-06	Perennial Ryegrass	16.2	-1	0	2728.4	0.0	2019.0	0.0	708.44	0.99	2019.01	709	1501.10	1227.33	2321.04	700.00	0.0	0.053	0.026	0.011	0.004	0.001	0.000
1991-09-07	Perennial Ryegrass	16.2	-1	0	2766.4	0.0	2058.3	0.0	707.11	0.99	2058.26	708	1526.59	1239.77	2358.58	716.66	0.0	0.054	0.026	0.011	0.004	0.001	0.000
1991-09-08	Perennial Ryegrass	16.2	-1	0	2793.3	0.0	2086.6	0.0	704.62	2.16	2086.57	707	1544.86	1248.49	2387.85	728.17	0.0	0.055	0.027	0.011	0.004	0.001	0.000
1991-09-09	Perennial Ryegrass	16.2	-1	0	2844.3	0.0	2140.1	0.0	703.30	0.99	2140.06	704	1579.33	1265.02	2434.09	751.15	0.0	0.056	0.028	0.012	0.005	0.001	0.000
1991-09-10	Perennial Ryegrass	16.2	-1	0	2865.5	0.0	2162.5	0.0	667.92	35.04	2162.51	703	1593.71	1271.77	2461.29	759.81	0.0	0.057	0.028	0.012	0.005	0.001	0.000
1991-09-11	Perennial Ryegrass	16.2	-1	0	2870.9	0.0	2203.3	0.0	659.34	8.27	2203.34	668	1610.78	1260.17	2463.40	776.81	0.0	0.058	0.029	0.012	0.005	0.001	0.000
1991-09-12	Perennial Ryegrass	16.2	-1	0	2900.4	0.0	2241.4	0.0	658.11	0.92	2241.39	659	1633.44	1266.98	2493.51	792.48	0.0	0.060	0.029	0.012	0.005	0.001	0.000
1991-09-13	Perennial Ryegrass	16.2	-1	0	2954.7	0.0	2296.9	0.0	656.89	0.91	2296.90	658	1669.46	1285.24	2544.80	815.99	0.0	0.061	0.030	0.013	0.005	0.001	0.000
1991-09-14	Perennial Ryegrass	16.2	-1	0	3004.9	0.0	2348.3	0.0	655.67	0.91	2348.31	657	1702.76	1302.12	2595.94	837.47	0.0	0.063	0.031	0.013	0.005	0.001	0.000
1991-09-15	Perennial Ryegrass	16.2	-1	0	3047.5	0.0	2392.2	0.0	647.26	8.11	2392.17	655	1731.10	1316.43	2640.06	855.40	0.0	0.064	0.031	0.013	0.005	0.001	0.000
1991-09-16	Perennial Ryegrass	16.2	-1	0	3107.4	0.0	2460.4	0.0	640.14	6.81	2460.44	647	1773.45	1333.94	2695.98	884.15	0.0	0.067	0.032	0.014	0.005	0.002	0.000
1991-09-17	Perennial Ryegrass	16.2	-1	0	3140.0	0.0	2500.1	0.0	622.00	17.84	2500.14	640	1796.99	1342.99	2733.52	898.90	0.0	0.068	0.033	0.014	0.005	0.002	0.000
1991-09-18	Perennial Ryegrass	16.2	-1	0	3166.6	0.0	2544.9	0.0	619.50	2.21	2544.85	622	1820.86	1345.70	2759.41	915.66	0.0	0.069	0.034	0.014	0.006	0.002	0.000
1991-09-19	Perennial Ryegrass	16.2	-1	0	3229.8	0.0	2610.6	0.0	617.36	1.87	2610.57	619	1862.09	1367.70	2819.46	941.01	0.0	0.071	0.035	0.014	0.006	0.002	0.000
1991-09-20	Perennial Ryegrass	16.2	-1	0	3286.4	0.0	2669.3	0.0	616.24	0.85	2669.29	617	1898.87	1387.51	2877.38	963.30	0.0	0.073	0.035	0.015	0.006	0.002	0.000
1991-09-21	Perennial Ryegrass	16.2	-1	0	3342.3	0.0	2726.3	0.0	598.04	17.98	2726.29	616	1934.78	1407.52	2933.76	984.76	0.0	0.074	0.036	0.015	0.006	0.002	0.000
1991-09-22	Perennial Ryegrass	16.2	-1	0	3376.7	0.0	2778.9	0.0	597.02	0.82	2778.86	598	1963.52	1413.18	2968.99	1004.24	0.0	0.076	0.037	0.015	0.006	0.002	0.000
1991-09-23	Perennial Ryegrass	16.2	-1	0	3440.4	0.0	2843.6	0.0	596.01	0.82	2843.59	597	2004.19	1436.23	3031.10	1028.54	0.0	0.078	0.038	0.016	0.006	0.002	0.000
1991-09-24	Perennial Ryegrass	16.2	-1	0	3491.7	0.0	2895.8	0.0	595.12	0.82	2895.79	596	2036.98	1454.76	3084.39	1047.65	0.0	0.079	0.038	0.016	0.006	0.002	0.000
1991-09-25	Perennial Ryegrass	16.2	-1	0	3525.2	0.0	2930.0	0.0	591.02	4.23	2929.98	595	2058.47	1466.76	3120.51	1059.37	0.0	0.080	0.039	0.016	0.006	0.002	0.000
1991-09-26	Perennial Ryegrass	16.2	-1	0	3558.2	0.0	2967.0	0.0	563.78	27.39	2967.04	591	2080.88	1477.33	3153.15	1072.09	0.0	0.081	0.039	0.016	0.007	0.002	0.000
1991-09-27	Perennial Ryegrass	16.2	-1	0	3605.9	0.0	3041.8	0.0	563.31	0.77	3041.81	564	2121.19	1484.70	3195.81	1099.70	0.0	0.083	0.040	0.017	0.007	0.002	0.000
1991-09-28	Perennial Ryegrass	16.2	-1	0	3675.7	0.0	3111.8	0.0	563.10	0.77	3111.83	564	2165.08	1510.62	3266.50	1125.21	0.0	0.085	0.041	0.017	0.007	0.002	0.000
1991-09-29	Perennial Ryegrass	16.2	-1	0	3730.4	0.0	3166.3	0.0	563.28	0.77	3166.34	564	2199.42	1530.98	3323.39	1144.45	0.0	0.086	0.042	0.017	0.007	0.002	0.000
1991-09-30	Perennial Ryegrass	16.2	-1	0	3769.3	0.0	3204.6	0.0	564.02	0.77	3204.55	565	2223.87	1545.47	3364.51	1157.27	0.0	0.087	0.042	0.018	0.007	0.002	0.000
1991-10-01	Perennial Ryegrass	16.2	-1	0	3816.0	0.0	3250.8	0.0	564.51	0.78	3250.76	565	2252.94	1563.11	3410.28	1172.68	0.0	0.088	0.043	0.018	0.007	0.002	0.000
1991-10-02	Perennial Ryegrass	16.2	-1	0	3847.0	0.0	3280.1	0.0	566.16	0.78	3280.07	567	2272.26	1574.75	3443.41	1181.89	0.0	0.089	0.043	0.018	0.007	0.002	0.000
1991-10-03	Perennial Ryegrass	16.2	-1	0	3877.0	0.0	3307.8	0.0	568.42	0.78	3307.79	569	2290.84	1586.15	3473.62	1190.39	0.0	0.090	0.044	0.018	0.007	0.002	0.000
1991-10-04	Perennial Ryegrass	16.2	-1	0	3907.3	0.0	3334.9	0.0	571.62	0.79	3334.88	572	2309.46	1597.83	3504.02	1190.39	0.0	0.089	0.044	0.018	0.007	0.002	0.000
1991-10-05	Perennial Ryegrass	16.2	-1	0	3942.3	0.0	3365.9	0.0	575.56	0.80	3365.92	576	2330.68	1611.60	3538.56	1182.12	0.0	0.089	0.043	0.018	0.007	0.002	0.000
1991-10-06	Perennial Ryegrass	16.2	-1	0	3981.6	0.0	3400.8	0.0	572.59	8.23	3400.81	581	2354.22	1627.42	3577.50	1171.04	0.0	0.088	0.043	0.018	0.007	0.002	0.000
1991-10-07	Perennial Ryegrass	16.2	-1	0	4003.6	0.0	3425.5	0.0	577.27	0.81	3425.52	578	2369.53	1634.08	3600.70	1178.03	0.0	0.088	0.043	0.018	0.007	0.002	0.000
1991-10-08	Perennial Ryegrass	16.2	-1	0	4033.1	0.0	3451.0	0.0	581.24	0.82	3451.04	582	2386.80	1646.30	3630.12	1184.61	0.0	0.089	0.044	0.018	0.007	0.002	0.000
1991-10-09	Perennial Ryegrass	16.2	-1	0	4080.8	0.0	3496.4	0.0	583.55	0.83	3496.38	584	2414.26	1666.51	3675.52	1171.56	0.0	0.088	0.043	0.018	0.007	0.002	0.000
1991-10-10	Perennial Ryegrass	16.2	-1	0	4109.0	0.0	3520.3	0.0	587.84	0.84	3520.29	589	2430.49	1678.49	3706.24	1177.47	0.0	0.088	0.043	0.018	0.007	0.002	0.000
1991-10-11	Perennial Ryegrass	16.2	-1	0	4146.5	0.0	3553.8	0.0	591.88	0.85	3553.76	593	2451.77	1694.72	3742.68	1160.81	0.0	0.087	0.043	0.018	0.007	0.002	0.000
1991-10-12	Perennial Ryegrass	16.2	-1	0	4159.2	0.0	3560.4	0.0	597.93	0.86	3560.42	599	2459.08	1700.13	3758.46	1161.83	0.0	0.087	0.043	0.018	0.007	0.002	0.000
1991-10-13	Perennial Ryegrass	16.2	-1	0	4171.3	0.0	3564.5	0.0	605.97	0.88	3564.48	607	2465.96	1705.37	3770.87	1162.44	0.0	0.087	0.043	0.018	0.007	0.002	0.000
1991-10-14	Perennial Ryegrass	16.2	-1	0	4185.4	0.0	3569.9	0.0	614.64	0.90	3569.91	616	2473.80	1711.64	3784.84	1163.28	0.0	0.086	0.043	0.018	0.007	0.002	0.000
1991-10-15	Perennial Ryegrass	16.2	-1	0	4195.6	0.0	3571.0	0.0	623.68	0.92	3571.02	625	2479.43	1716.19	3795.49	1162.89	0.0	0.086	0.043	0.018	0.007	0.002	0.000
1991-10-16	Perennial Ryegrass	16.2	-1	0	4201.7	0.0	3567.2	0.0	633.55	0.94	3567.23	634	2482.82	1718.90	3802.15	1161.42	0.0	0.086	0.043	0.018	0.007	0.002	0.000
1991-10-17	Perennial Ryegrass	16.2	-1	0	4216.4	0.0	3578.0	0.0	637.37	0.97	3578.02	638	2490.57	1725.78	3815.15	1161.66	0.0	0.086	0.043	0.018	0.007	0.002	0.000
1991-10-18	Perennial Ryegrass	16.2	-1	0	4228.1	0.0	3583.4	0.0	643.68	0.97	3583.44	645	2496.78	1731.31	3827.48	1161.25	0.0	0.085	0.043	0.018	0.007	0.002	0.000
1991-10-19	Perennial Ryegrass	16.2	-1	0	4236.1	0.0	3582.9	0.0	652.18	0.99	3582.89	653	2501.00	1735.06	3836.12	1160.00	0.0	0.085	0.043	0.018	0.007	0.002	0.000
1991-10-20	Perennial Ryegrass	16.2	-1	0	4237.9	0.0	3573.6	0.0	663.35	1.01	3573.57	664	2502.07	1735.85	3838.96	1157.51	0.0	0.085	0.043	0.018	0.007	0.002	0.000
1991-10-21	Perennial Ryegrass	16.2	-1	0	4215.2	0.0	3533.4	0.0	679.12	2.66	3533.42	682	2483.25	1731.94	3819.69	1149.31	0.0	0.084	0.043	0.018	0.007	0.002	0.000
1991-10-22	Perennial Ryegrass	16.2	-1	0	4223.4	0.0	3530.0	0.0	692.31	1.07	3529.99	693	2487.48	1735.88	3823.75	1147.92	0.0	0.084	0.043	0.018	0.007	0.002	0.000
1991-10-23	Perennial Ryegrass	16.2	-1	0	4220.5	0.0	3512.0	0.0	707.36	1.10	3512.00	708	2485.59	1734.87	3822.50	1144.46	0.0	0.084	0.043	0.018	0.007	0.002	0.000
1991-10-24	Perennial Ryegrass	16.2	-1	0	4228.5	0.0	3504.6	0.0	700.41	23.45	3504.64	724	2489.56	1738.93	3829.33	1142.64	0.0	0.084	0.043	0.018	0.007	0.002	0.000
1991-10-25	Perennial Ryegrass	16.2	-1	0	4224.3	0.0	3506.9	0.0	698.88	18.51	3506.92	717	2487.69	1736.63	3824.06	1142.03	0.0	0.084	0.043	0.018	0.007	0.002	0.000
1991-10-26	Perennial Ryegrass	16.2	-1	0	4234.4	0.0	3522.2	0.0	703.29	8.90	3522.17	712	2492.54	1741.82	3832.62	1142.44	0.0	0.084	0.043	0.018	0.007	0.002	0.000
1991-10-27	Perennial Ryegrass	16.2	-1	0	4250.1	0.0	3533.2	0.0	715.78	1.13	3533.18	717	2500.04	1750.05	3848.85	1142.31	0.0	0.084	0.043	0.018	0.007	0.002	0.000
1991-10-28	Perennial Ryegrass	16.2	-1	0	4271.3	0.0	3542.8	0.0	726.88	1.62	3542.76	728	2510.15	1761.11	3870.18	1141.84	0.0	0.084	0.043	0.018	0.007	0.002	0.000
1991-10-29	Perennial Ryegrass	16.2	-1	0	4285.0	0.0	3538.6	0.0	745.17	1.18	3538.63	746	2516.66	1768.33	3885.45	1140.54	0.0	0.084	0.043	0.018	0.007	0.002	0.000
1991-10-30	Perennial Ryegrass	16.2	-1	0	4292.3	0.0	3521.2	0.0	752.27	18.87	3521.20	771	2520.12	1772.23	3894.32	1138.39	0.0	0.083	0.043	0.018	0.007	0.002	0.000
1991-10-31	Perennial Ryegrass	16.2	-1	0	4285.5	0.0	3505.1	0.0	777.78	2.69	3505.05	780	2516.17	1769.35	3887.36	1136.52	0.0	0.083	0.043	0.018	0.007	0.002	0.000
1991-11-01	Perennial Ryegrass	16.2	-1	0	4312.2	0.0	3519.7	0.0	791.22	1.28	3519.72	793	2528.61	1783.62	3910.55	1136.27	0.0	0.083	0.043	0.018	0.007	0.002	0.000
1991-11-02	Perennial Ryegrass	16.2	-1	0	4331.2	0.0	3517.5	0.0	812.41	1.31	3517.52	814	2537.46	1793.78	3931.49	1135.13	0.0	0.083	0.043	0.018	0.007	0.002	0.000
1991-11-03	Perennial Ryegrass	16.2	-1	0	4326.3	0.0	3482.7	0.0	805.36	38.21	3482.74	844	2533.89	1792.41	3930.26	1131.28	0.0	0.083	0.042	0.018	0.007	0.002	0.000
1991-11-04	Perennial Ryegrass	16.2	-1	0	4313.1	0.0	3475.7	0.0	831.97	5.44	3475.73	837	2525.24	1787.90	3913.94	1130.38	0.0	0.083	0.042	0.018	0.007	0.002	0.000
1991-11-05	Perennial Ryegrass	16.2	-1	0	4336.5	0.0	3475.6	0.0	859.02	1.94	3475.56	861	2535.79	1800.72	3936.53	1129.70	0.0	0.083	0.042	0.018	0.007	0.002	0.000
1991-11-06	Perennial Ryegrass	16.2	-1	0	4365.4	0.0	3478.6	0.0	885.38	1.43	3478.63	887	2549.12	1816.32	3965.09	1129.14	0.0	0.083	0.042	0.018	0.007	0.002	0.000
1991-11-07	Perennial Ryegrass	16.2	-1	0	4377.5	0.0	3458.1	0.0	917.91	1.48	3458.13	919	2554.62	1822.90	3979.88	1127.14	0.0	0.083	0.042	0.018	0.007	0.002	0.000
1991-11-08	Perennial Ryegrass	16.2	-1	0	4396.2	0.0	3457.0	0.0	937.63	1.54	3457.05	939	2563.18	1833.03	3996.34	1125.68	0.0	0.083	0.042	0.018	0.007	0.002	0.000
1991-11-09	Perennial Ryegrass	16.2	-1	0	4413.9	0.0	3455.8	0.0	956.53	1.58	3455.84	958	2571.28	1842.67	4014.08	1124.18	0.0	0.082	0.042	0.018	0.007	0.002	0.000
1991-11-10	Perennial Ryegrass	16.2	-1	0	4428.9	0.0	3453.1	0.0	974.27	1.61	3453.06	976	2578.09	1850.85	4029.27	1122.50	0.0	0.082	0.042	0.018	0.007	0.002	0.000
1991-11-11	Perennial Ryegrass	16.2	-1	0	4442.2	0.0	3448.5	0.0	992.09	1.64	3448.51	994	2584.10	1858.14	4042.77	1120.72	0.0	0.082	0.042	0.018	0.007	0.002	0.000
1991-11-12	Perennial Ryegrass	16.2	-1	0	4448.2	0.0	3433.0	0.0	1013.60	1.67	3432.97	1015	2586.72	1861.52	4050.04	1118.39	0.0	0.082	0.042	0.018	0.007	0.002	0.000
1991-11-13	Perennial Ryegrass	16.2	-1	0	4446.5	0.0	3400.7	0.0	1044.07	1.71	3400.74	1046	2585.74	1860.77	4050.27	1115.47	0.0	0.082	0.042	0.018	0.007	0.002	0.000
1991-11-14	Perennial Ryegrass	16.2	-1	0	4446.3	0.0	3373.3	0.0	1071.27	1.77	3373.25	1073	2585.46	1860.83	4049.52	1112.68	0.0	0.082	0.042	0.018	0.007	0.002	0.000
1991-11-15	Perennial Ryegrass	16.2	-1	0	4432.7	0.0	3330.0	0.0	1100.94	1.81	3329.99	1103	2574.89	1857.86	4037.88	1106.92	0.0	0.081	0.042	0.018	0.007	0.002	0.000
1991-11-16	Perennial Ryegrass	16.2	-1	0	4416.3	0.0	3272.2	0.0	1142.21	1.87	3272.19	1144	2561.90	1854.37	4023.21	1100.35	0.0	0.081	0.041	0.017	0.007	0.002	0.000
1991-11-17	Perennial Ryegrass	16.2	-1	0	4410.4	0.0	3237.5	0.0	1170.99	1.94	3237.51	1173	2557.76	1852.67	4014.67	1096.51	0.0	0.080	0.041	0.017	0.007	0.002	0.000
1991-11-18	Perennial Ryegrass	16.2	-1	0	4397.5	0.0	3188.3	0.0	1207.27	1.99	3188.25	1209	2547.78	1849.73	4003.60	1090.81	0.0	0.080	0.041	0.017	0.007	0.002	0.000
1991-11-19	Perennial Ryegrass	16.2	-1	0	4450.7	0.0	3195.2	0.0	1247.90	7.60	3195.24	1255	2572.61	1878.13	4049.86	1071.61	0.0	0.079	0.040	0.017	0.007	0.002	0.000
1991-11-20	Perennial Ryegrass	16.2	-1	0	4549.7	0.0	3265.3	0.0	1282.21	2.12	3265.34	1284	2618.12	1931.55	4140.89	1057.14	0.0	0.078	0.040	0.017	0.007	0.002	0.000
1991-11-21	Perennial Ryegrass	16.2	-1	0	4632.8	0.0	3318.8	0.0	1311.75	2.18	3318.82	1314	2656.31	1976.44	4226.20	1041.58	0.0	0.076	0.039	0.016	0.007	0.002	0.000
1991-11-22	Perennial Ryegrass	16.2	-1	0	4691.9	0.0	3339.2	0.0	1350.39	2.23	3339.24	1353	2683.15	2008.71	4289.40	1024.32	0.0	0.075	0.039	0.016	0.006	0.002	0.000
1991-11-23	Perennial Ryegrass	16.2	-1	0	4735.6	0.0	3339.4	0.0	1393.97	2.30	3339.36	1396	2702.81	2032.82	4335.62	1005.95	0.0	0.074	0.038	0.016	0.006	0.002	0.000
1991-11-24	Perennial Ryegrass	16.2	-1	0	4760.8	0.0	3313.3	0.0	1445.11	2.37	3313.31	1447	2713.92	2046.88	4363.92	1005.14	0.0	0.074	0.038	0.016	0.006	0.002	0.000
1991-11-25	Perennial Ryegrass	16.2	-1	0	4782.2	0.0	3281.3	0.0	1498.39	2.46	3281.33	1501	2723.32	2058.86	4386.04	1003.96	0.0	0.074	0.038	0.016	0.006	0.002	0.000
1991-11-26	Perennial Ryegrass	16.2	-1	0	4832.1	0.0	3278.2	0.0	1497.47	56.49	3278.18	1554	2745.76	2086.37	4432.52	986.29	0.0	0.072	0.037	0.016	0.006	0.002	0.000
1991-11-27	Perennial Ryegrass	16.2	-1	0	4829.4	0.0	3292.4	0.0	1534.45	2.54	3292.44	1537	2737.91	2091.52	4427.69	987.41	0.0	0.072	0.037	0.016	0.006	0.002	0.000
1991-11-28	Perennial Ryegrass	16.2	-1	0	4879.9	0.0	3303.6	0.0	1573.66	2.61	3303.64	1576	2760.45	2119.46	4478.54	970.43	0.0	0.071	0.037	0.015	0.006	0.002	0.000
1991-11-29	Perennial Ryegrass	16.2	-1	0	4915.0	0.0	3299.3	0.0	1610.93	4.79	3299.27	1616	2775.91	2139.09	4515.53	970.45	0.0	0.071	0.037	0.015	0.006	0.002	0.000
1991-11-30	Perennial Ryegrass	16.2	-1	0	4973.2	0.0	3337.6	0.0	1632.80	2.74	3337.64	1636	2801.52	2171.67	4568.53	955.10	0.0	0.070	0.036	0.015	0.006	0.002	0.000
1991-12-01	Perennial Ryegrass	16.2	-1	0	4998.9	0.0	3332.3	0.0	1663.91	2.78	3332.25	1667	2812.65	2186.30	4599.59	954.60	0.0	0.070	0.036	0.015	0.006	0.002	0.000
1991-12-02	Perennial Ryegrass	16.2	-1	0	5018.3	0.0	3311.1	0.0	1704.42	2.83	3311.07	1707	2820.92	2197.40	4620.86	953.58	0.0	0.070	0.036	0.015	0.006	0.002	0.000
1991-12-03	Perennial Ryegrass	16.2	-1	0	5034.5	0.0	3289.0	0.0	1734.75	10.76	3288.99	1746	2827.77	2206.73	4637.17	952.29	0.0	0.070	0.036	0.015	0.006	0.002	0.000
1991-12-04	Perennial Ryegrass	16.2	-1	0	5042.3	0.0	3268.5	0.0	1770.82	2.96	3268.52	1774	2829.93	2212.37	4644.79	950.97	0.0	0.070	0.036	0.015	0.006	0.002	0.000
1991-12-05	Perennial Ryegrass	16.2	-1	0	5055.7	0.0	3251.2	0.0	1801.47	3.02	3251.23	1804	2835.56	2220.17	4657.84	949.49	0.0	0.069	0.036	0.015	0.006	0.002	0.000
1991-12-06	Perennial Ryegrass	16.2	-1	0	5067.3	0.0	3231.0	0.0	1833.24	3.07	3231.03	1836	2840.37	2226.97	4669.82	947.87	0.0	0.069	0.036	0.015	0.006	0.002	0.000
1991-12-07	Perennial Ryegrass	16.2	-1	0	5075.6	0.0	3196.2	0.0	1876.32	3.13	3196.17	1879	2843.68	2231.94	4679.94	945.97	0.0	0.069	0.036	0.015	0.006	0.002	0.000
1991-12-08	Perennial Ryegrass	16.2	-1	0	5078.2	0.0	3150.1	0.0	1924.87	3.21	3150.09	1928	2844.39	2233.76	4683.93	943.58	0.0	0.069	0.036	0.015	0.006	0.002	0.000
1991-12-09	Perennial Ryegrass	16.2	-1	0	5074.7	0.0	3099.2	0.0	1972.27	3.29	3099.16	1976	2842.40	2232.33	4681.19	940.68	0.0	0.069	0.036	0.015	0.006	0.002	0.000
1991-12-10	Perennial Ryegrass	16.2	-1	0	5047.7	0.0	0.0	3021.4	1892.82	133.49	3021.40	2026	2820.73	2226.98	4657.75	932.30	0.0	0.068	0.035	0.015	0.006	0.002	0.000
1991-12-11	Perennial Ryegrass	13.1	-1	0	4943.6	0.0	0.0	2798.2	2142.20	3.21	2798.17	2145	2763.14	2180.45	4573.15	945.16	0.0	0.069	0.036	0.015	0.006	0.002	0.000
1991-12-12	Perennial Ryegrass	13.0	-1	0	4967.3	0.0	0.0	2604.8	2281.57	80.89	2604.84	2362	2779.06	2188.25	4594.94	955.62	0.0	0.070	0.036	0.015	0.006	0.002	0.000
1991-12-13	Perennial Ryegrass	13.2	-1	0	4911.3	0.0	0.0	2399.3	2397.21	114.72	2399.33	2512	2747.33	2163.93	4542.82	964.19	0.0	0.070	0.037	0.015	0.006	0.002	0.000
1991-12-14	Perennial Ryegrass	13.9	-1	0	4819.2	0.0	0.0	2142.9	2672.11	4.25	2142.86	2676	2692.32	2126.91	4461.98	970.92	0.0	0.071	0.037	0.015	0.006	0.002	0.000
1991-12-15	Perennial Ryegrass	15.1	-1	0	4834.8	0.0	0.0	1866.9	2963.11	4.82	1866.92	2968	2703.02	2131.82	4486.35	975.60	0.0	0.071	0.037	0.016	0.006	0.002	0.000
1991-12-16	Perennial Ryegrass	15.2	-1	0	4846.9	0.0	0.0	1694.5	3146.93	5.41	1694.55	3152	2711.40	2135.48	4483.82	978.42	0.0	0.071	0.037	0.016	0.006	0.002	0.000
1991-12-17	Perennial Ryegrass	14.9	-1	0	4856.5	0.0	0.0	1570.1	3275.98	10.37	1570.10	3286	2718.11	2138.35	4485.84	980.26	0.0	0.071	0.037	0.016	0.006	0.002	0.000
1991-12-18	Perennial Ryegrass	14.2	-1	0	4859.7	0.0	0.0	1485.1	3293.69	80.95	1485.09	3375	2720.59	2139.15	4481.39	981.49	0.0	0.072	0.037	0.016	0.006	0.002	0.000
1991-12-19	Perennial Ryegrass	14.1	-1	0	4791.5	0.0	0.0	1378.2	3407.22	6.09	1378.23	3413	2674.84	2116.71	4420.33	982.29	0.0	0.072	0.037	0.016	0.006	0.002	0.000
1991-12-20	Perennial Ryegrass	14.1	-1	0	4781.1	0.0	13.0	1228.6	3533.26	6.32	1241.56	3540	2665.79	2115.35	4420.80	954.15	0.0	0.070	0.036	0.015	0.006	0.002	0.000
1991-12-21	Perennial Ryegrass	14.1	-1	0	4770.8	0.0	25.4	1085.5	3630.64	29.24	1110.90	3660	2655.14	2115.64	4412.88	929.02	0.0	0.068	0.035	0.015	0.006	0.002	0.000
1991-12-22	Perennial Ryegrass	14.1	-1	0	4738.1	0.0	37.4	953.3	3740.56	6.78	990.73	3747	2629.95	2108.13	4381.35	907.72	0.0	0.066	0.035	0.014	0.006	0.002	0.000
1991-12-23	Perennial Ryegrass	14.1	-1	0	4727.5	0.0	49.5	814.7	3856.21	7.01	864.25	3863	2620.04	2107.43	4378.53	889.33	0.0	0.065	0.034	0.014	0.006	0.002	0.000
1991-12-24	Perennial Ryegrass	14.1	-1	0	4719.6	0.0	63.3	690.4	3958.56	7.25	753.78	3966	2612.34	2107.24	4370.71	871.35	0.0	0.064	0.033	0.014	0.006	0.002	0.000
1991-12-25	Perennial Ryegrass	14.1	-1	0	4713.3	0.0	78.2	574.7	4052.87	7.46	652.94	4060	2605.95	2107.32	4366.78	853.66	0.0	0.062	0.032	0.014	0.005	0.002	0.000
1991-12-26	Perennial Ryegrass	14.1	-1	0	4708.0	0.0	92.9	475.0	4132.47	7.65	567.83	4140	2600.63	2107.32	4360.09	836.21	0.0	0.061	0.032	0.013	0.005	0.002	0.000
1991-12-27	Perennial Ryegrass	14.1	-1	0	4704.0	0.0	109.7	373.5	4186.13	34.74	483.16	4221	2596.30	2107.73	4363.67	818.99	0.0	0.060	0.031	0.013	0.005	0.001	0.000
1991-12-28	Perennial Ryegrass	14.1	-1	0	4680.0	0.0	128.9	314.8	4228.38	7.93	443.69	4236	2578.60	2101.40	4312.67	802.52	0.0	0.058	0.031	0.013	0.005	0.001	0.000
1991-12-29	Perennial Ryegrass	14.1	-1	0	4685.2	0.0	148.7	276.2	4252.28	8.02	424.95	4260	2581.77	2103.48	4302.15	786.62	0.0	0.057	0.030	0.013	0.005	0.001	0.000
1991-12-30	Perennial Ryegrass	14.1	-1	0	4688.7	0.0	166.1	247.1	4267.55	8.07	413.10	4276	2583.86	2104.86	4299.87	771.05	0.0	0.056	0.029	0.012	0.005	0.001	0.000
1991-12-31	Perennial Ryegrass	14.1	-1	0	4694.5	0.0	185.6	217.9	3978.05	312.91	403.56	4291	2587.67	2106.85	4303.76	755.96	0.0	0.055	0.029	0.012	0.005	0.001	0.000
1992-01-01	Perennial Ryegrass	14.1	-1	0	4407.0	0.0	217.0	183.7	3998.91	7.48	400.63	4006	2384.09	2022.94	4009.92	741.77	0.0	0.054	0.028	0.012	0.005	0.001	0.000
1992-01-02	Perennial Ryegrass	14.1	-1	0	4433.0	0.0	255.6	157.1	4012.76	7.53	412.76	4020	2402.43	2030.61	4020.93	728.47	0.0	0.053	0.028	0.012	0.005	0.001	0.000
1992-01-03	Perennial Ryegrass	14.1	-1	0	4452.1	0.0	287.2	132.0	3985.79	47.05	419.26	4033	2415.91	2036.20	4045.80	715.15	0.0	0.052	0.027	0.011	0.005	0.001	0.000
1992-01-04	Perennial Ryegrass	14.1	-1	0	4434.2	0.0	320.4	116.9	3875.00	121.87	437.32	3997	2403.79	2030.40	4016.97	704.66	0.0	0.051	0.027	0.011	0.004	0.001	0.000
1992-01-05	Perennial Ryegrass	14.1	-1	0	4344.6	0.0	356.4	104.3	3745.47	138.42	460.66	3884	2341.74	2002.81	3923.20	693.59	0.0	0.050	0.026	0.011	0.004	0.001	0.000
1992-01-06	Perennial Ryegrass	14.1	-1	0	4242.5	0.0	396.3	92.1	3747.09	7.00	488.37	3754	2271.68	1970.78	3818.40	687.17	0.0	0.050	0.026	0.011	0.004	0.001	0.000
1992-01-07	Perennial Ryegrass	14.1	-1	0	4264.5	0.0	428.8	81.0	3747.68	7.00	509.84	3755	2287.63	1976.90	3846.94	679.85	0.0	0.049	0.026	0.011	0.004	0.001	0.000
1992-01-08	Perennial Ryegrass	14.1	-1	0	4284.0	0.0	458.6	71.3	3579.77	174.30	529.94	3754	2301.77	1982.24	3868.25	674.54	0.0	0.049	0.026	0.011	0.004	0.001	0.000
1992-01-09	Perennial Ryegrass	14.1	-1	0	4142.3	0.0	494.2	64.5	3334.00	249.66	558.66	3584	2205.21	1937.11	3720.65	668.55	0.0	0.049	0.025	0.011	0.004	0.001	0.000
1992-01-10	Perennial Ryegrass	14.1	-1	0	3940.0	0.0	544.3	58.2	3257.19	80.35	602.51	3338	2068.95	1871.09	3508.65	660.54	0.0	0.048	0.025	0.011	0.004	0.001	0.000
1992-01-11	Perennial Ryegrass	14.1	-1	0	3893.1	0.0	580.4	51.3	3255.39	5.98	631.68	3261	2038.72	1854.33	3473.68	656.08	0.0	0.048	0.025	0.010	0.004	0.001	0.000
1992-01-12	Perennial Ryegrass	14.1	-1	0	3914.4	0.0	610.4	44.0	3254.03	5.98	654.41	3260	2054.23	1860.18	3500.02	652.34	0.0	0.047	0.025	0.010	0.004	0.001	0.000
1992-01-13	Perennial Ryegrass	14.1	-1	0	3934.6	0.0	639.2	37.6	3251.82	5.97	676.82	3258	2068.92	1865.69	3520.91	649.71	0.0	0.047	0.025	0.010	0.004	0.001	0.000
1992-01-14	Perennial Ryegrass	14.1	-1	0	3954.1	0.0	667.2	31.6	3249.30	5.97	698.85	3255	2083.13	1870.99	3541.10	645.69	0.0	0.047	0.025	0.010	0.004	0.001	0.000
1992-01-15	Perennial Ryegrass	14.1	-1	0	3974.2	0.0	695.8	26.8	3245.75	5.96	722.51	3252	2097.76	1876.47	3560.68	642.64	0.0	0.047	0.025	0.010	0.004	0.001	0.000
1992-01-16	Perennial Ryegrass	14.1	-1	0	3994.7	0.0	724.6	22.8	3241.42	5.96	747.37	3247	2112.66	1882.09	3580.99	640.49	0.0	0.046	0.025	0.010	0.004	0.001	0.000
1992-01-17	Perennial Ryegrass	14.1	-1	0	4014.4	0.0	752.5	19.6	3236.38	5.95	772.03	3242	2126.91	1887.44	3601.16	637.84	0.0	0.046	0.024	0.010	0.004	0.001	0.000
1992-01-18	Perennial Ryegrass	14.1	-1	0	4032.3	0.0	778.6	16.9	3230.92	5.94	795.45	3237	2139.98	1892.32	3620.17	634.39	0.0	0.046	0.024	0.010	0.004	0.001	0.000
1992-01-19	Perennial Ryegrass	14.1	-1	0	4048.9	0.0	803.3	14.1	3225.51	5.93	817.42	3231	2152.06	1896.80	3637.81	629.86	0.0	0.046	0.024	0.010	0.004	0.001	0.000
1992-01-20	Perennial Ryegrass	14.1	-1	0	4064.6	0.0	827.2	11.4	3220.06	5.92	838.62	3226	2163.55	1901.05	3654.22	622.93	0.0	0.045	0.024	0.010	0.004	0.001	0.000
1992-01-21	Perennial Ryegrass	14.1	-1	0	4080.3	0.0	851.0	9.0	3212.09	8.26	859.98	3220	2175.02	1905.31	3670.14	613.97	0.0	0.044	0.024	0.010	0.004	0.001	0.000
1992-01-22	Perennial Ryegrass	14.1	-1	0	4085.4	0.0	866.5	6.9	3015.74	196.23	873.47	3212	2179.11	1906.32	3679.16	615.25	0.0	0.044	0.024	0.010	0.004	0.001	0.000
1992-01-23	Perennial Ryegrass	14.1	-1	0	3941.8	0.0	921.1	5.5	3007.55	7.67	926.58	3015	2085.86	1855.94	3517.48	613.30	0.0	0.044	0.024	0.010	0.004	0.001	0.000
1992-01-24	Perennial Ryegrass	14.1	-1	0	3968.4	0.0	957.2	4.9	2794.17	212.16	962.05	3006	2104.92	1863.46	3553.06	609.35	0.0	0.043	0.024	0.010	0.004	0.001	0.000
1992-01-25	Perennial Ryegrass	14.1	-1	0	3846.6	0.0	1049.3	4.1	2788.12	5.03	1053.41	2793	2029.19	1817.37	3408.58	618.54	0.0	0.044	0.024	0.010	0.004	0.001	0.000
1992-01-26	Perennial Ryegrass	14.1	-1	0	3879.8	0.0	1089.3	3.6	2781.88	5.02	1092.89	2787	2052.63	1827.17	3464.80	621.28	0.0	0.044	0.024	0.010	0.004	0.001	0.000
1992-01-27	Perennial Ryegrass	14.1	-1	0	3906.8	0.0	1123.0	3.1	2775.69	5.01	1126.11	2781	2071.80	1835.00	3494.64	622.97	0.0	0.044	0.024	0.010	0.004	0.001	0.000
1992-01-28	Perennial Ryegrass	14.1	-1	0	3930.4	0.0	1153.3	2.6	2769.45	4.99	1155.92	2774	2088.57	1841.79	3519.77	623.08	0.0	0.044	0.024	0.010	0.004	0.001	0.000
1992-01-29	Perennial Ryegrass	14.1	-1	0	3952.0	0.0	1181.6	2.3	2763.10	4.98	1183.93	2768	2104.00	1848.00	3542.31	624.40	0.0	0.044	0.024	0.010	0.004	0.001	0.000
1992-01-30	Perennial Ryegrass	14.1	-1	0	3973.7	0.0	1210.0	2.0	2756.76	4.97	1211.94	2762	2119.42	1854.24	3564.20	624.19	0.0	0.044	0.024	0.010	0.004	0.001	0.000
1992-01-31	Perennial Ryegrass	14.1	-1	0	3995.4	0.0	1238.4	1.7	2662.10	93.31	1240.03	2755	2134.90	1860.54	3586.16	622.22	0.0	0.044	0.024	0.010	0.004	0.001	0.000
1992-02-01	Perennial Ryegrass	14.1	-1	0	3937.4	0.0	1275.2	1.4	2656.00	4.76	1276.59	2661	2099.71	1837.64	3525.56	623.21	0.0	0.044	0.024	0.010	0.004	0.001	0.000
1992-02-02	Perennial Ryegrass	14.1	-1	0	3966.2	0.0	1310.4	1.1	2649.90	4.75	1311.55	2655	2120.00	1846.20	3555.24	622.46	0.0	0.044	0.024	0.010	0.004	0.001	0.000
1992-02-03	Perennial Ryegrass	14.1	-1	0	3993.4	0.0	1344.0	0.9	2643.76	4.74	1344.91	2649	2139.13	1854.27	3583.23	621.64	0.0	0.044	0.024	0.010	0.004	0.001	0.000
